time: 0
transion matrix for each mol type: 
A
 0 0 0 0 0
 0 0 0 0 0
 0 0 0 0 0
 0 0 0 0 0
 0 0 0 0 0
lifetime for each mol type: 
A
size of the cluster:1

size of the cluster:2

size of the cluster:3

size of the cluster:4

size of the cluster:5

time: 0.005
transion matrix for each mol type: 
A
 464826 0 0 0 0
 132 219004 0 0 0
 42 42 194469 0 0
 19 4 19 97203 0
 0 0 0 0 0
lifetime for each mol type: 
A
size of the cluster:1
 8.5e-06 8.5e-06 1.55e-05 1.55e-05 1.7e-05 1.7e-05 1.8e-05 1.8e-05 3.05e-05 3.05e-05 3.1e-05 3.1e-05 4.9e-05 4.9e-05 5.15e-05 5.15e-05 5.6e-05 5.6e-05 5.75e-05 5.75e-05 6e-05 6e-05 6.55e-05 6.55e-05 6.9e-05 6.9e-05 7.2e-05 7.2e-05 7.55e-05 7.55e-05 9.4e-05 9.4e-05 9.4e-05 9.5e-05 9.5e-05 0.000129 0.000129 0.000144 0.000144 0.000156 0.000156 0.00017 0.00017 0.000171 0.000171 0.0001725 0.000176 0.000176 0.0001815 0.0001815 0.0001925 0.0001925 0.0001935 0.0001935 0.0002235 0.000228 0.000228 0.000256 0.0002615 0.0002615 0.000271 0.0002745 0.0002745 0.000325 0.000325 0.000335 0.000335 0.000345 0.0003515 0.0003515 0.000366 0.0004025 0.000407 0.000407 0.0004685 0.000477 0.0004895 0.000494 0.000498 0.000498 0.0005235 0.0005235 0.000524 0.000524 0.000525 0.000526 0.000526 0.000537 0.0005455 0.0005455 0.000556 0.0005965 0.0006025 0.000617 0.000642 0.000642 0.0006535 0.0006775 0.0006775 0.000695 0.00072 0.00072 0.0007285 0.0007535 0.000769 0.0007935 0.0008205 0.000842 0.000842 0.0008595 0.000893 0.000893 0.000911 0.000911 0.000919 0.000928 0.000928 0.0009425 0.000969 0.000969 0.001009 0.001009 0.0010285 0.001083 0.001083 0.0011095 0.0011095 0.0011915 0.0012185 0.0012325 0.0012325 0.001252 0.001252 0.0012795 0.001294 0.001294 0.0013 0.0013 0.001303 0.0013175 0.0013175 0.0013195 0.0013565 0.0013565 0.001403 0.001403 0.0014145 0.0014145 0.0014185 0.0014185 0.001428 0.001448 0.0014695 0.001533 0.001588 0.001615 0.001707 0.0018045 0.0018195 0.0018195 0.001862 0.0019535 0.0019535 0.0020175 0.0020175 0.002163 0.002173 0.0022495 0.0023115 0.002448 0.002448 0.0027445 0.0027445 0.002759 0.0028635 0.0028925 0.0028925 0.0029265 0.002998 0.003023 0.003109 0.003233 0.0033125 0.0033125 0.003642 0.0036875 0.003761 0.0038995 0.004256 0.0043975 0.0046485 0.0046535 0.0046535
size of the cluster:2
 3.65e-05 0.0001415 0.000172 0.000161 0.0001955 0.000189 0.0003575 5.1e-05 0.000438 7e-05 0.000318 0.0004595 0.000366 0.000507 7.25e-05 0.0004325 0.000488 5.3e-05 0.000536 0.0002275 0.0004685 0.0007155 0.0008485 0.001013 0.0006935 0.0001355 0.0003685 0.0006255 0.00021 0.0012465 0.000152 0.001571 0.001559 0.0005525 0.00076 0.002051 0.00197 0.0022515 0.002424 3.4e-05 0.001989 0.000943 0.003874 0.003234 0.00311 0.0038065
size of the cluster:3
 0.000266 0.0005595 1.55e-05 0.000352 0.0005165 0.0007195 0.001167 0.0011105 0.0016895 0.0015705 0.0017125 0.0012755 0.0022295 0.001681 0.002962 0.001479 0.0027325 0.0033745 0.0024515
size of the cluster:4

size of the cluster:5

time: 0.01
transion matrix for each mol type: 
A
 496797 0 0 0 0
 134 381444 0 0 0
 42 42 383553 0 0
 22 10 22 307368 0
 0 0 0 0 0
lifetime for each mol type: 
A
size of the cluster:1
 8.5e-06 8.5e-06 1.55e-05 1.55e-05 1.7e-05 1.7e-05 1.8e-05 1.8e-05 3.05e-05 3.05e-05 3.1e-05 3.1e-05 4.9e-05 4.9e-05 5.15e-05 5.15e-05 5.6e-05 5.6e-05 5.75e-05 5.75e-05 6e-05 6e-05 6.55e-05 6.55e-05 6.9e-05 6.9e-05 7.2e-05 7.2e-05 7.55e-05 7.55e-05 9.4e-05 9.4e-05 9.4e-05 9.5e-05 9.5e-05 0.000129 0.000129 0.000144 0.000144 0.000156 0.000156 0.00017 0.00017 0.000171 0.000171 0.0001725 0.000176 0.000176 0.0001815 0.0001815 0.0001925 0.0001925 0.0001935 0.0001935 0.0002235 0.000228 0.000228 0.000256 0.0002615 0.0002615 0.000271 0.0002745 0.0002745 0.000325 0.000325 0.000335 0.000335 0.000345 0.0003515 0.0003515 0.000366 0.0004025 0.000407 0.000407 0.0004685 0.000477 0.0004895 0.000494 0.000498 0.000498 0.0005235 0.0005235 0.000524 0.000524 0.000525 0.000526 0.000526 0.000537 0.0005455 0.0005455 0.000556 0.0005965 0.0006025 0.000617 0.000642 0.000642 0.0006535 0.0006775 0.0006775 0.000695 0.00072 0.00072 0.0007285 0.0007535 0.000769 0.0007935 0.0008205 0.000842 0.000842 0.0008595 0.000893 0.000893 0.000911 0.000911 0.000919 0.000928 0.000928 0.0009425 0.000969 0.000969 0.001009 0.001009 0.0010285 0.001083 0.001083 0.0011095 0.0011095 0.0011915 0.0012185 0.0012325 0.0012325 0.001252 0.001252 0.0012795 0.001294 0.001294 0.0013 0.0013 0.001303 0.0013175 0.0013175 0.0013195 0.0013565 0.0013565 0.001403 0.001403 0.0014145 0.0014145 0.0014185 0.0014185 0.001428 0.001448 0.0014695 0.001533 0.001588 0.001615 0.001707 0.0018045 0.0018195 0.0018195 0.001862 0.0019535 0.0019535 0.0020175 0.0020175 0.002163 0.002173 0.0022495 0.0023115 0.002448 0.002448 0.0027445 0.0027445 0.002759 0.0028635 0.0028925 0.0028925 0.0029265 0.002998 0.003023 0.003109 0.003233 0.0033125 0.0033125 0.003642 0.0036875 0.003761 0.0038995 0.004256 0.0043975 0.0046485 0.0046535 0.0046535 0.0052575 0.005453 0.005453 0.0068595 0.007317
size of the cluster:2
 3.65e-05 0.0001415 0.000172 0.000161 0.0001955 0.000189 0.0003575 5.1e-05 0.000438 7e-05 0.000318 0.0004595 0.000366 0.000507 7.25e-05 0.0004325 0.000488 5.3e-05 0.000536 0.0002275 0.0004685 0.0007155 0.0008485 0.001013 0.0006935 0.0001355 0.0003685 0.0006255 0.00021 0.0012465 0.000152 0.001571 0.001559 0.0005525 0.00076 0.002051 0.00197 0.0022515 0.002424 3.4e-05 0.001989 0.000943 0.003874 0.003234 0.00311 0.0038065 0.0050445 0.0048885 0.0057005 0.0056945 0.005701 0.0089445
size of the cluster:3
 0.000266 0.0005595 1.55e-05 0.000352 0.0005165 0.0007195 0.001167 0.0011105 0.0016895 0.0015705 0.0017125 0.0012755 0.0022295 0.001681 0.002962 0.001479 0.0027325 0.0033745 0.0024515 0.0049125 0.0063035 0.007061
size of the cluster:4

size of the cluster:5

time: 0.015
transion matrix for each mol type: 
A
 507463 0 0 0 0
 134 537007 0 0 0
 43 43 599152 0 0
 23 14 23 614891 0
 0 0 0 0 0
lifetime for each mol type: 
A
size of the cluster:1
 8.5e-06 8.5e-06 1.55e-05 1.55e-05 1.7e-05 1.7e-05 1.8e-05 1.8e-05 3.05e-05 3.05e-05 3.1e-05 3.1e-05 4.9e-05 4.9e-05 5.15e-05 5.15e-05 5.6e-05 5.6e-05 5.75e-05 5.75e-05 6e-05 6e-05 6.55e-05 6.55e-05 6.9e-05 6.9e-05 7.2e-05 7.2e-05 7.55e-05 7.55e-05 9.4e-05 9.4e-05 9.4e-05 9.5e-05 9.5e-05 0.000129 0.000129 0.000144 0.000144 0.000156 0.000156 0.00017 0.00017 0.000171 0.000171 0.0001725 0.000176 0.000176 0.0001815 0.0001815 0.0001925 0.0001925 0.0001935 0.0001935 0.0002235 0.000228 0.000228 0.000256 0.0002615 0.0002615 0.000271 0.0002745 0.0002745 0.000325 0.000325 0.000335 0.000335 0.000345 0.0003515 0.0003515 0.000366 0.0004025 0.000407 0.000407 0.0004685 0.000477 0.0004895 0.000494 0.000498 0.000498 0.0005235 0.0005235 0.000524 0.000524 0.000525 0.000526 0.000526 0.000537 0.0005455 0.0005455 0.000556 0.0005965 0.0006025 0.000617 0.000642 0.000642 0.0006535 0.0006775 0.0006775 0.000695 0.00072 0.00072 0.0007285 0.0007535 0.000769 0.0007935 0.0008205 0.000842 0.000842 0.0008595 0.000893 0.000893 0.000911 0.000911 0.000919 0.000928 0.000928 0.0009425 0.000969 0.000969 0.001009 0.001009 0.0010285 0.001083 0.001083 0.0011095 0.0011095 0.0011915 0.0012185 0.0012325 0.0012325 0.001252 0.001252 0.0012795 0.001294 0.001294 0.0013 0.0013 0.001303 0.0013175 0.0013175 0.0013195 0.0013565 0.0013565 0.001403 0.001403 0.0014145 0.0014145 0.0014185 0.0014185 0.001428 0.001448 0.0014695 0.001533 0.001588 0.001615 0.001707 0.0018045 0.0018195 0.0018195 0.001862 0.0019535 0.0019535 0.0020175 0.0020175 0.002163 0.002173 0.0022495 0.0023115 0.002448 0.002448 0.0027445 0.0027445 0.002759 0.0028635 0.0028925 0.0028925 0.0029265 0.002998 0.003023 0.003109 0.003233 0.0033125 0.0033125 0.003642 0.0036875 0.003761 0.0038995 0.004256 0.0043975 0.0046485 0.0046535 0.0046535 0.0052575 0.005453 0.005453 0.0068595 0.007317 0.0104915 0.0128695
size of the cluster:2
 3.65e-05 0.0001415 0.000172 0.000161 0.0001955 0.000189 0.0003575 5.1e-05 0.000438 7e-05 0.000318 0.0004595 0.000366 0.000507 7.25e-05 0.0004325 0.000488 5.3e-05 0.000536 0.0002275 0.0004685 0.0007155 0.0008485 0.001013 0.0006935 0.0001355 0.0003685 0.0006255 0.00021 0.0012465 0.000152 0.001571 0.001559 0.0005525 0.00076 0.002051 0.00197 0.0022515 0.002424 3.4e-05 0.001989 0.000943 0.003874 0.003234 0.00311 0.0038065 0.0050445 0.0048885 0.0057005 0.0056945 0.005701 0.0089445 0.011371 0.0093715 0.011455 0.0120005 0.012495
size of the cluster:3
 0.000266 0.0005595 1.55e-05 0.000352 0.0005165 0.0007195 0.001167 0.0011105 0.0016895 0.0015705 0.0017125 0.0012755 0.0022295 0.001681 0.002962 0.001479 0.0027325 0.0033745 0.0024515 0.0049125 0.0063035 0.007061 0.009632
size of the cluster:4

size of the cluster:5

time: 0.02
transion matrix for each mol type: 
A
 507463 0 0 0 0
 134 537007 0 0 0
 43 43 599152 0 0
 23 14 23 614891 0
 0 0 0 0 0
lifetime for each mol type: 
A
size of the cluster:1
 8.5e-06 8.5e-06 1.55e-05 1.55e-05 1.7e-05 1.7e-05 1.8e-05 1.8e-05 3.05e-05 3.05e-05 3.1e-05 3.1e-05 4.9e-05 4.9e-05 5.15e-05 5.15e-05 5.6e-05 5.6e-05 5.75e-05 5.75e-05 6e-05 6e-05 6.55e-05 6.55e-05 6.9e-05 6.9e-05 7.2e-05 7.2e-05 7.55e-05 7.55e-05 9.4e-05 9.4e-05 9.4e-05 9.5e-05 9.5e-05 0.000129 0.000129 0.000144 0.000144 0.000156 0.000156 0.00017 0.00017 0.000171 0.000171 0.0001725 0.000176 0.000176 0.0001815 0.0001815 0.0001925 0.0001925 0.0001935 0.0001935 0.0002235 0.000228 0.000228 0.000256 0.0002615 0.0002615 0.000271 0.0002745 0.0002745 0.000325 0.000325 0.000335 0.000335 0.000345 0.0003515 0.0003515 0.000366 0.0004025 0.000407 0.000407 0.0004685 0.000477 0.0004895 0.000494 0.000498 0.000498 0.0005235 0.0005235 0.000524 0.000524 0.000525 0.000526 0.000526 0.000537 0.0005455 0.0005455 0.000556 0.0005965 0.0006025 0.000617 0.000642 0.000642 0.0006535 0.0006775 0.0006775 0.000695 0.00072 0.00072 0.0007285 0.0007535 0.000769 0.0007935 0.0008205 0.000842 0.000842 0.0008595 0.000893 0.000893 0.000911 0.000911 0.000919 0.000928 0.000928 0.0009425 0.000969 0.000969 0.001009 0.001009 0.0010285 0.001083 0.001083 0.0011095 0.0011095 0.0011915 0.0012185 0.0012325 0.0012325 0.001252 0.001252 0.0012795 0.001294 0.001294 0.0013 0.0013 0.001303 0.0013175 0.0013175 0.0013195 0.0013565 0.0013565 0.001403 0.001403 0.0014145 0.0014145 0.0014185 0.0014185 0.001428 0.001448 0.0014695 0.001533 0.001588 0.001615 0.001707 0.0018045 0.0018195 0.0018195 0.001862 0.0019535 0.0019535 0.0020175 0.0020175 0.002163 0.002173 0.0022495 0.0023115 0.002448 0.002448 0.0027445 0.0027445 0.002759 0.0028635 0.0028925 0.0028925 0.0029265 0.002998 0.003023 0.003109 0.003233 0.0033125 0.0033125 0.003642 0.0036875 0.003761 0.0038995 0.004256 0.0043975 0.0046485 0.0046535 0.0046535 0.0052575 0.005453 0.005453 0.0068595 0.007317 0.0104915 0.0128695
size of the cluster:2
 3.65e-05 0.0001415 0.000172 0.000161 0.0001955 0.000189 0.0003575 5.1e-05 0.000438 7e-05 0.000318 0.0004595 0.000366 0.000507 7.25e-05 0.0004325 0.000488 5.3e-05 0.000536 0.0002275 0.0004685 0.0007155 0.0008485 0.001013 0.0006935 0.0001355 0.0003685 0.0006255 0.00021 0.0012465 0.000152 0.001571 0.001559 0.0005525 0.00076 0.002051 0.00197 0.0022515 0.002424 3.4e-05 0.001989 0.000943 0.003874 0.003234 0.00311 0.0038065 0.0050445 0.0048885 0.0057005 0.0056945 0.005701 0.0089445 0.011371 0.0093715 0.011455 0.0120005 0.012495
size of the cluster:3
 0.000266 0.0005595 1.55e-05 0.000352 0.0005165 0.0007195 0.001167 0.0011105 0.0016895 0.0015705 0.0017125 0.0012755 0.0022295 0.001681 0.002962 0.001479 0.0027325 0.0033745 0.0024515 0.0049125 0.0063035 0.007061 0.009632
size of the cluster:4

size of the cluster:5

time: 0.025
transion matrix for each mol type: 
A
 509072 2 0 0 0
 134 681763 0 0 0
 44 44 893173 0 0
 24 14 24 1053671 0
 0 0 0 0 0
lifetime for each mol type: 
A
size of the cluster:1
 8.5e-06 8.5e-06 1.55e-05 1.55e-05 1.7e-05 1.7e-05 1.8e-05 1.8e-05 3.05e-05 3.05e-05 3.1e-05 3.1e-05 4.9e-05 4.9e-05 5.15e-05 5.15e-05 5.6e-05 5.6e-05 5.75e-05 5.75e-05 6e-05 6e-05 6.55e-05 6.55e-05 6.9e-05 6.9e-05 7.2e-05 7.2e-05 7.55e-05 7.55e-05 9.4e-05 9.4e-05 9.4e-05 9.5e-05 9.5e-05 0.000129 0.000129 0.000144 0.000144 0.000156 0.000156 0.00017 0.00017 0.000171 0.000171 0.0001725 0.000176 0.000176 0.0001815 0.0001815 0.0001925 0.0001925 0.0001935 0.0001935 0.0002235 0.000228 0.000228 0.000256 0.0002615 0.0002615 0.000271 0.0002745 0.0002745 0.000325 0.000325 0.000335 0.000335 0.000345 0.0003515 0.0003515 0.000366 0.0004025 0.000407 0.000407 0.0004685 0.000477 0.0004895 0.000494 0.000498 0.000498 0.0005235 0.0005235 0.000524 0.000524 0.000525 0.000526 0.000526 0.000537 0.0005455 0.0005455 0.000556 0.0005965 0.0006025 0.000617 0.000642 0.000642 0.0006535 0.0006775 0.0006775 0.000695 0.00072 0.00072 0.0007285 0.0007535 0.000769 0.0007935 0.0008205 0.000842 0.000842 0.0008595 0.000893 0.000893 0.000911 0.000911 0.000919 0.000928 0.000928 0.0009425 0.000969 0.000969 0.001009 0.001009 0.0010285 0.001083 0.001083 0.0011095 0.0011095 0.0011915 0.0012185 0.0012325 0.0012325 0.001252 0.001252 0.0012795 0.001294 0.001294 0.0013 0.0013 0.001303 0.0013175 0.0013175 0.0013195 0.0013565 0.0013565 0.001403 0.001403 0.0014145 0.0014145 0.0014185 0.0014185 0.001428 0.001448 0.0014695 0.001533 0.001588 0.001615 0.001707 0.0018045 0.0018195 0.0018195 0.001862 0.0019535 0.0019535 0.0020175 0.0020175 0.002163 0.002173 0.0022495 0.0023115 0.002448 0.002448 0.0027445 0.0027445 0.002759 0.0028635 0.0028925 0.0028925 0.0029265 0.002998 0.003023 0.003109 0.003233 0.0033125 0.0033125 0.003642 0.0036875 0.003761 0.0038995 0.004256 0.0043975 0.0046485 0.0046535 0.0046535 0.0052575 0.005453 0.005453 0.0068595 0.007317 0.0104915 0.0128695 0.000215 0.0005905
size of the cluster:2
 3.65e-05 0.0001415 0.000172 0.000161 0.0001955 0.000189 0.0003575 5.1e-05 0.000438 7e-05 0.000318 0.0004595 0.000366 0.000507 7.25e-05 0.0004325 0.000488 5.3e-05 0.000536 0.0002275 0.0004685 0.0007155 0.0008485 0.001013 0.0006935 0.0001355 0.0003685 0.0006255 0.00021 0.0012465 0.000152 0.001571 0.001559 0.0005525 0.00076 0.002051 0.00197 0.0022515 0.002424 3.4e-05 0.001989 0.000943 0.003874 0.003234 0.00311 0.0038065 0.0050445 0.0048885 0.0057005 0.0056945 0.005701 0.0089445 0.011371 0.0093715 0.011455 0.0120005 0.012495 0.020202 0.0195665
size of the cluster:3
 0.000266 0.0005595 1.55e-05 0.000352 0.0005165 0.0007195 0.001167 0.0011105 0.0016895 0.0015705 0.0017125 0.0012755 0.0022295 0.001681 0.002962 0.001479 0.0027325 0.0033745 0.0024515 0.0049125 0.0063035 0.007061 0.009632 0.020442
size of the cluster:4

size of the cluster:5

time: 0.03
transion matrix for each mol type: 
A
 509072 2 0 0 0
 134 681763 0 0 0
 44 44 893173 0 0
 24 14 24 1053671 0
 0 0 0 0 0
lifetime for each mol type: 
A
size of the cluster:1
 8.5e-06 8.5e-06 1.55e-05 1.55e-05 1.7e-05 1.7e-05 1.8e-05 1.8e-05 3.05e-05 3.05e-05 3.1e-05 3.1e-05 4.9e-05 4.9e-05 5.15e-05 5.15e-05 5.6e-05 5.6e-05 5.75e-05 5.75e-05 6e-05 6e-05 6.55e-05 6.55e-05 6.9e-05 6.9e-05 7.2e-05 7.2e-05 7.55e-05 7.55e-05 9.4e-05 9.4e-05 9.4e-05 9.5e-05 9.5e-05 0.000129 0.000129 0.000144 0.000144 0.000156 0.000156 0.00017 0.00017 0.000171 0.000171 0.0001725 0.000176 0.000176 0.0001815 0.0001815 0.0001925 0.0001925 0.0001935 0.0001935 0.0002235 0.000228 0.000228 0.000256 0.0002615 0.0002615 0.000271 0.0002745 0.0002745 0.000325 0.000325 0.000335 0.000335 0.000345 0.0003515 0.0003515 0.000366 0.0004025 0.000407 0.000407 0.0004685 0.000477 0.0004895 0.000494 0.000498 0.000498 0.0005235 0.0005235 0.000524 0.000524 0.000525 0.000526 0.000526 0.000537 0.0005455 0.0005455 0.000556 0.0005965 0.0006025 0.000617 0.000642 0.000642 0.0006535 0.0006775 0.0006775 0.000695 0.00072 0.00072 0.0007285 0.0007535 0.000769 0.0007935 0.0008205 0.000842 0.000842 0.0008595 0.000893 0.000893 0.000911 0.000911 0.000919 0.000928 0.000928 0.0009425 0.000969 0.000969 0.001009 0.001009 0.0010285 0.001083 0.001083 0.0011095 0.0011095 0.0011915 0.0012185 0.0012325 0.0012325 0.001252 0.001252 0.0012795 0.001294 0.001294 0.0013 0.0013 0.001303 0.0013175 0.0013175 0.0013195 0.0013565 0.0013565 0.001403 0.001403 0.0014145 0.0014145 0.0014185 0.0014185 0.001428 0.001448 0.0014695 0.001533 0.001588 0.001615 0.001707 0.0018045 0.0018195 0.0018195 0.001862 0.0019535 0.0019535 0.0020175 0.0020175 0.002163 0.002173 0.0022495 0.0023115 0.002448 0.002448 0.0027445 0.0027445 0.002759 0.0028635 0.0028925 0.0028925 0.0029265 0.002998 0.003023 0.003109 0.003233 0.0033125 0.0033125 0.003642 0.0036875 0.003761 0.0038995 0.004256 0.0043975 0.0046485 0.0046535 0.0046535 0.0052575 0.005453 0.005453 0.0068595 0.007317 0.0104915 0.0128695 0.000215 0.0005905
size of the cluster:2
 3.65e-05 0.0001415 0.000172 0.000161 0.0001955 0.000189 0.0003575 5.1e-05 0.000438 7e-05 0.000318 0.0004595 0.000366 0.000507 7.25e-05 0.0004325 0.000488 5.3e-05 0.000536 0.0002275 0.0004685 0.0007155 0.0008485 0.001013 0.0006935 0.0001355 0.0003685 0.0006255 0.00021 0.0012465 0.000152 0.001571 0.001559 0.0005525 0.00076 0.002051 0.00197 0.0022515 0.002424 3.4e-05 0.001989 0.000943 0.003874 0.003234 0.00311 0.0038065 0.0050445 0.0048885 0.0057005 0.0056945 0.005701 0.0089445 0.011371 0.0093715 0.011455 0.0120005 0.012495 0.020202 0.0195665
size of the cluster:3
 0.000266 0.0005595 1.55e-05 0.000352 0.0005165 0.0007195 0.001167 0.0011105 0.0016895 0.0015705 0.0017125 0.0012755 0.0022295 0.001681 0.002962 0.001479 0.0027325 0.0033745 0.0024515 0.0049125 0.0063035 0.007061 0.009632 0.020442
size of the cluster:4

size of the cluster:5

time: 0.035
transion matrix for each mol type: 
A
 509072 2 0 0 0
 134 681763 0 0 0
 44 44 893173 0 0
 24 14 24 1053671 0
 0 0 0 0 0
lifetime for each mol type: 
A
size of the cluster:1
 8.5e-06 8.5e-06 1.55e-05 1.55e-05 1.7e-05 1.7e-05 1.8e-05 1.8e-05 3.05e-05 3.05e-05 3.1e-05 3.1e-05 4.9e-05 4.9e-05 5.15e-05 5.15e-05 5.6e-05 5.6e-05 5.75e-05 5.75e-05 6e-05 6e-05 6.55e-05 6.55e-05 6.9e-05 6.9e-05 7.2e-05 7.2e-05 7.55e-05 7.55e-05 9.4e-05 9.4e-05 9.4e-05 9.5e-05 9.5e-05 0.000129 0.000129 0.000144 0.000144 0.000156 0.000156 0.00017 0.00017 0.000171 0.000171 0.0001725 0.000176 0.000176 0.0001815 0.0001815 0.0001925 0.0001925 0.0001935 0.0001935 0.0002235 0.000228 0.000228 0.000256 0.0002615 0.0002615 0.000271 0.0002745 0.0002745 0.000325 0.000325 0.000335 0.000335 0.000345 0.0003515 0.0003515 0.000366 0.0004025 0.000407 0.000407 0.0004685 0.000477 0.0004895 0.000494 0.000498 0.000498 0.0005235 0.0005235 0.000524 0.000524 0.000525 0.000526 0.000526 0.000537 0.0005455 0.0005455 0.000556 0.0005965 0.0006025 0.000617 0.000642 0.000642 0.0006535 0.0006775 0.0006775 0.000695 0.00072 0.00072 0.0007285 0.0007535 0.000769 0.0007935 0.0008205 0.000842 0.000842 0.0008595 0.000893 0.000893 0.000911 0.000911 0.000919 0.000928 0.000928 0.0009425 0.000969 0.000969 0.001009 0.001009 0.0010285 0.001083 0.001083 0.0011095 0.0011095 0.0011915 0.0012185 0.0012325 0.0012325 0.001252 0.001252 0.0012795 0.001294 0.001294 0.0013 0.0013 0.001303 0.0013175 0.0013175 0.0013195 0.0013565 0.0013565 0.001403 0.001403 0.0014145 0.0014145 0.0014185 0.0014185 0.001428 0.001448 0.0014695 0.001533 0.001588 0.001615 0.001707 0.0018045 0.0018195 0.0018195 0.001862 0.0019535 0.0019535 0.0020175 0.0020175 0.002163 0.002173 0.0022495 0.0023115 0.002448 0.002448 0.0027445 0.0027445 0.002759 0.0028635 0.0028925 0.0028925 0.0029265 0.002998 0.003023 0.003109 0.003233 0.0033125 0.0033125 0.003642 0.0036875 0.003761 0.0038995 0.004256 0.0043975 0.0046485 0.0046535 0.0046535 0.0052575 0.005453 0.005453 0.0068595 0.007317 0.0104915 0.0128695 0.000215 0.0005905
size of the cluster:2
 3.65e-05 0.0001415 0.000172 0.000161 0.0001955 0.000189 0.0003575 5.1e-05 0.000438 7e-05 0.000318 0.0004595 0.000366 0.000507 7.25e-05 0.0004325 0.000488 5.3e-05 0.000536 0.0002275 0.0004685 0.0007155 0.0008485 0.001013 0.0006935 0.0001355 0.0003685 0.0006255 0.00021 0.0012465 0.000152 0.001571 0.001559 0.0005525 0.00076 0.002051 0.00197 0.0022515 0.002424 3.4e-05 0.001989 0.000943 0.003874 0.003234 0.00311 0.0038065 0.0050445 0.0048885 0.0057005 0.0056945 0.005701 0.0089445 0.011371 0.0093715 0.011455 0.0120005 0.012495 0.020202 0.0195665
size of the cluster:3
 0.000266 0.0005595 1.55e-05 0.000352 0.0005165 0.0007195 0.001167 0.0011105 0.0016895 0.0015705 0.0017125 0.0012755 0.0022295 0.001681 0.002962 0.001479 0.0027325 0.0033745 0.0024515 0.0049125 0.0063035 0.007061 0.009632 0.020442
size of the cluster:4

size of the cluster:5

time: 0.04
transion matrix for each mol type: 
A
 509072 2 0 0 0
 134 681763 0 0 0
 44 44 893173 0 0
 24 14 24 1053671 0
 0 0 0 0 0
lifetime for each mol type: 
A
size of the cluster:1
 8.5e-06 8.5e-06 1.55e-05 1.55e-05 1.7e-05 1.7e-05 1.8e-05 1.8e-05 3.05e-05 3.05e-05 3.1e-05 3.1e-05 4.9e-05 4.9e-05 5.15e-05 5.15e-05 5.6e-05 5.6e-05 5.75e-05 5.75e-05 6e-05 6e-05 6.55e-05 6.55e-05 6.9e-05 6.9e-05 7.2e-05 7.2e-05 7.55e-05 7.55e-05 9.4e-05 9.4e-05 9.4e-05 9.5e-05 9.5e-05 0.000129 0.000129 0.000144 0.000144 0.000156 0.000156 0.00017 0.00017 0.000171 0.000171 0.0001725 0.000176 0.000176 0.0001815 0.0001815 0.0001925 0.0001925 0.0001935 0.0001935 0.0002235 0.000228 0.000228 0.000256 0.0002615 0.0002615 0.000271 0.0002745 0.0002745 0.000325 0.000325 0.000335 0.000335 0.000345 0.0003515 0.0003515 0.000366 0.0004025 0.000407 0.000407 0.0004685 0.000477 0.0004895 0.000494 0.000498 0.000498 0.0005235 0.0005235 0.000524 0.000524 0.000525 0.000526 0.000526 0.000537 0.0005455 0.0005455 0.000556 0.0005965 0.0006025 0.000617 0.000642 0.000642 0.0006535 0.0006775 0.0006775 0.000695 0.00072 0.00072 0.0007285 0.0007535 0.000769 0.0007935 0.0008205 0.000842 0.000842 0.0008595 0.000893 0.000893 0.000911 0.000911 0.000919 0.000928 0.000928 0.0009425 0.000969 0.000969 0.001009 0.001009 0.0010285 0.001083 0.001083 0.0011095 0.0011095 0.0011915 0.0012185 0.0012325 0.0012325 0.001252 0.001252 0.0012795 0.001294 0.001294 0.0013 0.0013 0.001303 0.0013175 0.0013175 0.0013195 0.0013565 0.0013565 0.001403 0.001403 0.0014145 0.0014145 0.0014185 0.0014185 0.001428 0.001448 0.0014695 0.001533 0.001588 0.001615 0.001707 0.0018045 0.0018195 0.0018195 0.001862 0.0019535 0.0019535 0.0020175 0.0020175 0.002163 0.002173 0.0022495 0.0023115 0.002448 0.002448 0.0027445 0.0027445 0.002759 0.0028635 0.0028925 0.0028925 0.0029265 0.002998 0.003023 0.003109 0.003233 0.0033125 0.0033125 0.003642 0.0036875 0.003761 0.0038995 0.004256 0.0043975 0.0046485 0.0046535 0.0046535 0.0052575 0.005453 0.005453 0.0068595 0.007317 0.0104915 0.0128695 0.000215 0.0005905
size of the cluster:2
 3.65e-05 0.0001415 0.000172 0.000161 0.0001955 0.000189 0.0003575 5.1e-05 0.000438 7e-05 0.000318 0.0004595 0.000366 0.000507 7.25e-05 0.0004325 0.000488 5.3e-05 0.000536 0.0002275 0.0004685 0.0007155 0.0008485 0.001013 0.0006935 0.0001355 0.0003685 0.0006255 0.00021 0.0012465 0.000152 0.001571 0.001559 0.0005525 0.00076 0.002051 0.00197 0.0022515 0.002424 3.4e-05 0.001989 0.000943 0.003874 0.003234 0.00311 0.0038065 0.0050445 0.0048885 0.0057005 0.0056945 0.005701 0.0089445 0.011371 0.0093715 0.011455 0.0120005 0.012495 0.020202 0.0195665
size of the cluster:3
 0.000266 0.0005595 1.55e-05 0.000352 0.0005165 0.0007195 0.001167 0.0011105 0.0016895 0.0015705 0.0017125 0.0012755 0.0022295 0.001681 0.002962 0.001479 0.0027325 0.0033745 0.0024515 0.0049125 0.0063035 0.007061 0.009632 0.020442
size of the cluster:4

size of the cluster:5

time: 0.045
transion matrix for each mol type: 
A
 509073 4 0 0 0
 136 1051017 0 0 0
 44 44 1816313 0 0
 24 14 24 2484538 0
 0 0 0 0 0
lifetime for each mol type: 
A
size of the cluster:1
 8.5e-06 8.5e-06 1.55e-05 1.55e-05 1.7e-05 1.7e-05 1.8e-05 1.8e-05 3.05e-05 3.05e-05 3.1e-05 3.1e-05 4.9e-05 4.9e-05 5.15e-05 5.15e-05 5.6e-05 5.6e-05 5.75e-05 5.75e-05 6e-05 6e-05 6.55e-05 6.55e-05 6.9e-05 6.9e-05 7.2e-05 7.2e-05 7.55e-05 7.55e-05 9.4e-05 9.4e-05 9.4e-05 9.5e-05 9.5e-05 0.000129 0.000129 0.000144 0.000144 0.000156 0.000156 0.00017 0.00017 0.000171 0.000171 0.0001725 0.000176 0.000176 0.0001815 0.0001815 0.0001925 0.0001925 0.0001935 0.0001935 0.0002235 0.000228 0.000228 0.000256 0.0002615 0.0002615 0.000271 0.0002745 0.0002745 0.000325 0.000325 0.000335 0.000335 0.000345 0.0003515 0.0003515 0.000366 0.0004025 0.000407 0.000407 0.0004685 0.000477 0.0004895 0.000494 0.000498 0.000498 0.0005235 0.0005235 0.000524 0.000524 0.000525 0.000526 0.000526 0.000537 0.0005455 0.0005455 0.000556 0.0005965 0.0006025 0.000617 0.000642 0.000642 0.0006535 0.0006775 0.0006775 0.000695 0.00072 0.00072 0.0007285 0.0007535 0.000769 0.0007935 0.0008205 0.000842 0.000842 0.0008595 0.000893 0.000893 0.000911 0.000911 0.000919 0.000928 0.000928 0.0009425 0.000969 0.000969 0.001009 0.001009 0.0010285 0.001083 0.001083 0.0011095 0.0011095 0.0011915 0.0012185 0.0012325 0.0012325 0.001252 0.001252 0.0012795 0.001294 0.001294 0.0013 0.0013 0.001303 0.0013175 0.0013175 0.0013195 0.0013565 0.0013565 0.001403 0.001403 0.0014145 0.0014145 0.0014185 0.0014185 0.001428 0.001448 0.0014695 0.001533 0.001588 0.001615 0.001707 0.0018045 0.0018195 0.0018195 0.001862 0.0019535 0.0019535 0.0020175 0.0020175 0.002163 0.002173 0.0022495 0.0023115 0.002448 0.002448 0.0027445 0.0027445 0.002759 0.0028635 0.0028925 0.0028925 0.0029265 0.002998 0.003023 0.003109 0.003233 0.0033125 0.0033125 0.003642 0.0036875 0.003761 0.0038995 0.004256 0.0043975 0.0046485 0.0046535 0.0046535 0.0052575 0.005453 0.005453 0.0068595 0.007317 0.0104915 0.0128695 0.000215 0.0005905 5e-07 5e-07
size of the cluster:2
 3.65e-05 0.0001415 0.000172 0.000161 0.0001955 0.000189 0.0003575 5.1e-05 0.000438 7e-05 0.000318 0.0004595 0.000366 0.000507 7.25e-05 0.0004325 0.000488 5.3e-05 0.000536 0.0002275 0.0004685 0.0007155 0.0008485 0.001013 0.0006935 0.0001355 0.0003685 0.0006255 0.00021 0.0012465 0.000152 0.001571 0.001559 0.0005525 0.00076 0.002051 0.00197 0.0022515 0.002424 3.4e-05 0.001989 0.000943 0.003874 0.003234 0.00311 0.0038065 0.0050445 0.0048885 0.0057005 0.0056945 0.005701 0.0089445 0.011371 0.0093715 0.011455 0.0120005 0.012495 0.020202 0.0195665 0.0441195
size of the cluster:3
 0.000266 0.0005595 1.55e-05 0.000352 0.0005165 0.0007195 0.001167 0.0011105 0.0016895 0.0015705 0.0017125 0.0012755 0.0022295 0.001681 0.002962 0.001479 0.0027325 0.0033745 0.0024515 0.0049125 0.0063035 0.007061 0.009632 0.020442
size of the cluster:4

size of the cluster:5

time: 0.0499995
transion matrix for each mol type: 
A
 509073 4 0 0 0
 136 1098778 0 0 0
 44 44 1922453 0 0
 24 16 24 2649055 0
 0 0 0 0 0
lifetime for each mol type: 
A
size of the cluster:1
 8.5e-06 8.5e-06 1.55e-05 1.55e-05 1.7e-05 1.7e-05 1.8e-05 1.8e-05 3.05e-05 3.05e-05 3.1e-05 3.1e-05 4.9e-05 4.9e-05 5.15e-05 5.15e-05 5.6e-05 5.6e-05 5.75e-05 5.75e-05 6e-05 6e-05 6.55e-05 6.55e-05 6.9e-05 6.9e-05 7.2e-05 7.2e-05 7.55e-05 7.55e-05 9.4e-05 9.4e-05 9.4e-05 9.5e-05 9.5e-05 0.000129 0.000129 0.000144 0.000144 0.000156 0.000156 0.00017 0.00017 0.000171 0.000171 0.0001725 0.000176 0.000176 0.0001815 0.0001815 0.0001925 0.0001925 0.0001935 0.0001935 0.0002235 0.000228 0.000228 0.000256 0.0002615 0.0002615 0.000271 0.0002745 0.0002745 0.000325 0.000325 0.000335 0.000335 0.000345 0.0003515 0.0003515 0.000366 0.0004025 0.000407 0.000407 0.0004685 0.000477 0.0004895 0.000494 0.000498 0.000498 0.0005235 0.0005235 0.000524 0.000524 0.000525 0.000526 0.000526 0.000537 0.0005455 0.0005455 0.000556 0.0005965 0.0006025 0.000617 0.000642 0.000642 0.0006535 0.0006775 0.0006775 0.000695 0.00072 0.00072 0.0007285 0.0007535 0.000769 0.0007935 0.0008205 0.000842 0.000842 0.0008595 0.000893 0.000893 0.000911 0.000911 0.000919 0.000928 0.000928 0.0009425 0.000969 0.000969 0.001009 0.001009 0.0010285 0.001083 0.001083 0.0011095 0.0011095 0.0011915 0.0012185 0.0012325 0.0012325 0.001252 0.001252 0.0012795 0.001294 0.001294 0.0013 0.0013 0.001303 0.0013175 0.0013175 0.0013195 0.0013565 0.0013565 0.001403 0.001403 0.0014145 0.0014145 0.0014185 0.0014185 0.001428 0.001448 0.0014695 0.001533 0.001588 0.001615 0.001707 0.0018045 0.0018195 0.0018195 0.001862 0.0019535 0.0019535 0.0020175 0.0020175 0.002163 0.002173 0.0022495 0.0023115 0.002448 0.002448 0.0027445 0.0027445 0.002759 0.0028635 0.0028925 0.0028925 0.0029265 0.002998 0.003023 0.003109 0.003233 0.0033125 0.0033125 0.003642 0.0036875 0.003761 0.0038995 0.004256 0.0043975 0.0046485 0.0046535 0.0046535 0.0052575 0.005453 0.005453 0.0068595 0.007317 0.0104915 0.0128695 0.000215 0.0005905 5e-07 5e-07
size of the cluster:2
 3.65e-05 0.0001415 0.000172 0.000161 0.0001955 0.000189 0.0003575 5.1e-05 0.000438 7e-05 0.000318 0.0004595 0.000366 0.000507 7.25e-05 0.0004325 0.000488 5.3e-05 0.000536 0.0002275 0.0004685 0.0007155 0.0008485 0.001013 0.0006935 0.0001355 0.0003685 0.0006255 0.00021 0.0012465 0.000152 0.001571 0.001559 0.0005525 0.00076 0.002051 0.00197 0.0022515 0.002424 3.4e-05 0.001989 0.000943 0.003874 0.003234 0.00311 0.0038065 0.0050445 0.0048885 0.0057005 0.0056945 0.005701 0.0089445 0.011371 0.0093715 0.011455 0.0120005 0.012495 0.020202 0.0195665 0.0441195 0.046948 0.0026535
size of the cluster:3
 0.000266 0.0005595 1.55e-05 0.000352 0.0005165 0.0007195 0.001167 0.0011105 0.0016895 0.0015705 0.0017125 0.0012755 0.0022295 0.001681 0.002962 0.001479 0.0027325 0.0033745 0.0024515 0.0049125 0.0063035 0.007061 0.009632 0.020442
size of the cluster:4

size of the cluster:5

