time: 0
transion matrix for each mol type: 
A
 0 0 0 0 0
 0 0 0 0 0
 0 0 0 0 0
 0 0 0 0 0
 0 0 0 0 0
lifetime for each mol type: 
A
size of the cluster:1

size of the cluster:2

size of the cluster:3

size of the cluster:4

size of the cluster:5

time: 0.005
transion matrix for each mol type: 
A
 369563 2 0 0 0
 138 251042 0 0 0
 36 36 109458 0 0
 18 8 18 97691 0
 0 0 0 0 0
lifetime for each mol type: 
A
size of the cluster:1
 1.55e-05 1.55e-05 2.35e-05 2.35e-05 2.6e-05 2.6e-05 4.6e-05 4.6e-05 5.5e-05 5.5e-05 5.85e-05 5.85e-05 5.95e-05 5.95e-05 6.05e-05 6.05e-05 6.1e-05 6.1e-05 7.9e-05 7.9e-05 8.2e-05 8.25e-05 8.25e-05 8.6e-05 8.6e-05 8.9e-05 8.9e-05 9.1e-05 9.1e-05 9.75e-05 0.0001035 0.0001035 0.000116 0.000116 0.0001285 0.0001285 0.000142 0.000142 0.0001465 0.0001465 0.0001465 0.0001465 0.000148 0.000156 0.000156 0.000173 0.000173 0.000182 0.000182 0.000185 0.000185 0.0001855 0.0001855 0.000206 0.000206 0.000221 0.000221 0.0002235 0.000229 0.000229 0.0002375 0.0002375 0.000239 0.0002565 0.000259 0.000259 0.000265 0.000276 0.000276 0.00029 0.00029 0.0002945 0.0002945 0.0002955 0.0002955 0.000305 0.000305 0.00031 0.00031 0.000311 0.000311 0.000328 0.000339 0.000355 0.000355 0.0003575 0.0003575 0.0003645 0.0003645 0.0003685 0.0003685 0.0003705 0.0003705 0.0003785 0.00042 0.00042 0.0004325 0.0004545 0.000457 0.000457 0.000474 0.000474 0.0005165 0.0005355 0.0005355 0.0005375 0.0005375 0.000555 0.000555 0.0005575 0.0005795 0.000613 0.000613 0.000653 0.000653 0.000653 0.000653 0.0006675 0.0006675 0.000684 0.000684 0.000712 0.0007155 0.0007155 0.000732 0.0007355 0.0007585 0.000764 0.000764 0.0007745 0.000784 0.000784 0.000786 0.000894 0.000894 0.0009295 0.00094 0.0009545 0.0009705 0.0009705 0.0009705 0.0009705 0.001014 0.001014 0.001054 0.0010815 0.0010815 0.0011835 0.0012135 0.0012135 0.001256 0.001262 0.001262 0.0012945 0.0013755 0.001426 0.001426 0.0014445 0.001476 0.001499 0.001531 0.001531 0.001558 0.0015655 0.001664 0.001665 0.001678 0.001678 0.001718 5e-07 5e-07 0.0017565 0.001837 0.00184 0.0019755 0.0019765 0.002192 0.0023125 0.0024025 0.0025085 0.002543 0.002721 0.0027695 0.0027905 0.0030165 0.003037 0.003037 0.0031725 0.003267 0.003267 0.0035345 0.0039435
size of the cluster:2
 2.35e-05 3.8e-05 6.55e-05 0.0001975 0.00015 0.0001955 7.95e-05 0.000249 0.000372 0.0002985 9.65e-05 0.0001225 0.000677 0.000711 0.0004235 0.0004765 0.000612 7.05e-05 0.000783 0.000287 0.0009545 0.0012265 0.00106 0.000643 0.0006605 0.0011055 0.000815 0.001373 0.0013065 0.001549 0.0015365 0.0004945 0.0013025 0.0002325 0.001608 0.001099 0.0008305 0.002102 0.002426 0.0029725 0.0031365 0.0027705 0.0038975 0.0038045 0.0037735
size of the cluster:3
 7.4e-05 0.000281 0.0004095 0.0004555 0.0004465 0.000731 0.0004745 0.0010555 0.0004355 0.0003095 5.3e-05 0.001051 0.0007475 0.0009035 0.002461 0.0022885 0.0011765 0.001989
size of the cluster:4

size of the cluster:5

time: 0.01
transion matrix for each mol type: 
A
 438663 6 0 0 0
 144 463968 0 0 0
 40 40 292677 0 0
 18 8 18 301389 0
 0 0 0 0 0
lifetime for each mol type: 
A
size of the cluster:1
 1.55e-05 1.55e-05 2.35e-05 2.35e-05 2.6e-05 2.6e-05 4.6e-05 4.6e-05 5.5e-05 5.5e-05 5.85e-05 5.85e-05 5.95e-05 5.95e-05 6.05e-05 6.05e-05 6.1e-05 6.1e-05 7.9e-05 7.9e-05 8.2e-05 8.25e-05 8.25e-05 8.6e-05 8.6e-05 8.9e-05 8.9e-05 9.1e-05 9.1e-05 9.75e-05 0.0001035 0.0001035 0.000116 0.000116 0.0001285 0.0001285 0.000142 0.000142 0.0001465 0.0001465 0.0001465 0.0001465 0.000148 0.000156 0.000156 0.000173 0.000173 0.000182 0.000182 0.000185 0.000185 0.0001855 0.0001855 0.000206 0.000206 0.000221 0.000221 0.0002235 0.000229 0.000229 0.0002375 0.0002375 0.000239 0.0002565 0.000259 0.000259 0.000265 0.000276 0.000276 0.00029 0.00029 0.0002945 0.0002945 0.0002955 0.0002955 0.000305 0.000305 0.00031 0.00031 0.000311 0.000311 0.000328 0.000339 0.000355 0.000355 0.0003575 0.0003575 0.0003645 0.0003645 0.0003685 0.0003685 0.0003705 0.0003705 0.0003785 0.00042 0.00042 0.0004325 0.0004545 0.000457 0.000457 0.000474 0.000474 0.0005165 0.0005355 0.0005355 0.0005375 0.0005375 0.000555 0.000555 0.0005575 0.0005795 0.000613 0.000613 0.000653 0.000653 0.000653 0.000653 0.0006675 0.0006675 0.000684 0.000684 0.000712 0.0007155 0.0007155 0.000732 0.0007355 0.0007585 0.000764 0.000764 0.0007745 0.000784 0.000784 0.000786 0.000894 0.000894 0.0009295 0.00094 0.0009545 0.0009705 0.0009705 0.0009705 0.0009705 0.001014 0.001014 0.001054 0.0010815 0.0010815 0.0011835 0.0012135 0.0012135 0.001256 0.001262 0.001262 0.0012945 0.0013755 0.001426 0.001426 0.0014445 0.001476 0.001499 0.001531 0.001531 0.001558 0.0015655 0.001664 0.001665 0.001678 0.001678 0.001718 5e-07 5e-07 0.0017565 0.001837 0.00184 0.0019755 0.0019765 0.002192 0.0023125 0.0024025 0.0025085 0.002543 0.002721 0.0027695 0.0027905 0.0030165 0.003037 0.003037 0.0031725 0.003267 0.003267 0.0035345 0.0039435 0.005217 0.005319 0.005319 0.005601 5e-07 5e-07 0.0075545 0.007653 5e-07 5e-07
size of the cluster:2
 2.35e-05 3.8e-05 6.55e-05 0.0001975 0.00015 0.0001955 7.95e-05 0.000249 0.000372 0.0002985 9.65e-05 0.0001225 0.000677 0.000711 0.0004235 0.0004765 0.000612 7.05e-05 0.000783 0.000287 0.0009545 0.0012265 0.00106 0.000643 0.0006605 0.0011055 0.000815 0.001373 0.0013065 0.001549 0.0015365 0.0004945 0.0013025 0.0002325 0.001608 0.001099 0.0008305 0.002102 0.002426 0.0029725 0.0031365 0.0027705 0.0038975 0.0038045 0.0037735 0.003686 0.005296 0.005522 0.0022355 0.0073575 0.007605
size of the cluster:3
 7.4e-05 0.000281 0.0004095 0.0004555 0.0004465 0.000731 0.0004745 0.0010555 0.0004355 0.0003095 5.3e-05 0.001051 0.0007475 0.0009035 0.002461 0.0022885 0.0011765 0.001989
size of the cluster:4

size of the cluster:5

time: 0.015
transion matrix for each mol type: 
A
 477974 6 0 0 0
 144 707042 0 0 0
 42 42 576408 0 0
 19 10 19 570636 0
 0 0 0 0 0
lifetime for each mol type: 
A
size of the cluster:1
 1.55e-05 1.55e-05 2.35e-05 2.35e-05 2.6e-05 2.6e-05 4.6e-05 4.6e-05 5.5e-05 5.5e-05 5.85e-05 5.85e-05 5.95e-05 5.95e-05 6.05e-05 6.05e-05 6.1e-05 6.1e-05 7.9e-05 7.9e-05 8.2e-05 8.25e-05 8.25e-05 8.6e-05 8.6e-05 8.9e-05 8.9e-05 9.1e-05 9.1e-05 9.75e-05 0.0001035 0.0001035 0.000116 0.000116 0.0001285 0.0001285 0.000142 0.000142 0.0001465 0.0001465 0.0001465 0.0001465 0.000148 0.000156 0.000156 0.000173 0.000173 0.000182 0.000182 0.000185 0.000185 0.0001855 0.0001855 0.000206 0.000206 0.000221 0.000221 0.0002235 0.000229 0.000229 0.0002375 0.0002375 0.000239 0.0002565 0.000259 0.000259 0.000265 0.000276 0.000276 0.00029 0.00029 0.0002945 0.0002945 0.0002955 0.0002955 0.000305 0.000305 0.00031 0.00031 0.000311 0.000311 0.000328 0.000339 0.000355 0.000355 0.0003575 0.0003575 0.0003645 0.0003645 0.0003685 0.0003685 0.0003705 0.0003705 0.0003785 0.00042 0.00042 0.0004325 0.0004545 0.000457 0.000457 0.000474 0.000474 0.0005165 0.0005355 0.0005355 0.0005375 0.0005375 0.000555 0.000555 0.0005575 0.0005795 0.000613 0.000613 0.000653 0.000653 0.000653 0.000653 0.0006675 0.0006675 0.000684 0.000684 0.000712 0.0007155 0.0007155 0.000732 0.0007355 0.0007585 0.000764 0.000764 0.0007745 0.000784 0.000784 0.000786 0.000894 0.000894 0.0009295 0.00094 0.0009545 0.0009705 0.0009705 0.0009705 0.0009705 0.001014 0.001014 0.001054 0.0010815 0.0010815 0.0011835 0.0012135 0.0012135 0.001256 0.001262 0.001262 0.0012945 0.0013755 0.001426 0.001426 0.0014445 0.001476 0.001499 0.001531 0.001531 0.001558 0.0015655 0.001664 0.001665 0.001678 0.001678 0.001718 5e-07 5e-07 0.0017565 0.001837 0.00184 0.0019755 0.0019765 0.002192 0.0023125 0.0024025 0.0025085 0.002543 0.002721 0.0027695 0.0027905 0.0030165 0.003037 0.003037 0.0031725 0.003267 0.003267 0.0035345 0.0039435 0.005217 0.005319 0.005319 0.005601 5e-07 5e-07 0.0075545 0.007653 5e-07 5e-07 0.0105115 0.0117945 0.013781
size of the cluster:2
 2.35e-05 3.8e-05 6.55e-05 0.0001975 0.00015 0.0001955 7.95e-05 0.000249 0.000372 0.0002985 9.65e-05 0.0001225 0.000677 0.000711 0.0004235 0.0004765 0.000612 7.05e-05 0.000783 0.000287 0.0009545 0.0012265 0.00106 0.000643 0.0006605 0.0011055 0.000815 0.001373 0.0013065 0.001549 0.0015365 0.0004945 0.0013025 0.0002325 0.001608 0.001099 0.0008305 0.002102 0.002426 0.0029725 0.0031365 0.0027705 0.0038975 0.0038045 0.0037735 0.003686 0.005296 0.005522 0.0022355 0.0073575 0.007605 0.0102905 0.0117085 0.014418 0.0137615
size of the cluster:3
 7.4e-05 0.000281 0.0004095 0.0004555 0.0004465 0.000731 0.0004745 0.0010555 0.0004355 0.0003095 5.3e-05 0.001051 0.0007475 0.0009035 0.002461 0.0022885 0.0011765 0.001989 0.0062265
size of the cluster:4

size of the cluster:5

time: 0.02
transion matrix for each mol type: 
A
 479390 8 0 0 0
 146 824343 0 0 0
 43 43 766236 0 0
 19 14 19 768475 0
 0 0 0 0 0
lifetime for each mol type: 
A
size of the cluster:1
 1.55e-05 1.55e-05 2.35e-05 2.35e-05 2.6e-05 2.6e-05 4.6e-05 4.6e-05 5.5e-05 5.5e-05 5.85e-05 5.85e-05 5.95e-05 5.95e-05 6.05e-05 6.05e-05 6.1e-05 6.1e-05 7.9e-05 7.9e-05 8.2e-05 8.25e-05 8.25e-05 8.6e-05 8.6e-05 8.9e-05 8.9e-05 9.1e-05 9.1e-05 9.75e-05 0.0001035 0.0001035 0.000116 0.000116 0.0001285 0.0001285 0.000142 0.000142 0.0001465 0.0001465 0.0001465 0.0001465 0.000148 0.000156 0.000156 0.000173 0.000173 0.000182 0.000182 0.000185 0.000185 0.0001855 0.0001855 0.000206 0.000206 0.000221 0.000221 0.0002235 0.000229 0.000229 0.0002375 0.0002375 0.000239 0.0002565 0.000259 0.000259 0.000265 0.000276 0.000276 0.00029 0.00029 0.0002945 0.0002945 0.0002955 0.0002955 0.000305 0.000305 0.00031 0.00031 0.000311 0.000311 0.000328 0.000339 0.000355 0.000355 0.0003575 0.0003575 0.0003645 0.0003645 0.0003685 0.0003685 0.0003705 0.0003705 0.0003785 0.00042 0.00042 0.0004325 0.0004545 0.000457 0.000457 0.000474 0.000474 0.0005165 0.0005355 0.0005355 0.0005375 0.0005375 0.000555 0.000555 0.0005575 0.0005795 0.000613 0.000613 0.000653 0.000653 0.000653 0.000653 0.0006675 0.0006675 0.000684 0.000684 0.000712 0.0007155 0.0007155 0.000732 0.0007355 0.0007585 0.000764 0.000764 0.0007745 0.000784 0.000784 0.000786 0.000894 0.000894 0.0009295 0.00094 0.0009545 0.0009705 0.0009705 0.0009705 0.0009705 0.001014 0.001014 0.001054 0.0010815 0.0010815 0.0011835 0.0012135 0.0012135 0.001256 0.001262 0.001262 0.0012945 0.0013755 0.001426 0.001426 0.0014445 0.001476 0.001499 0.001531 0.001531 0.001558 0.0015655 0.001664 0.001665 0.001678 0.001678 0.001718 5e-07 5e-07 0.0017565 0.001837 0.00184 0.0019755 0.0019765 0.002192 0.0023125 0.0024025 0.0025085 0.002543 0.002721 0.0027695 0.0027905 0.0030165 0.003037 0.003037 0.0031725 0.003267 0.003267 0.0035345 0.0039435 0.005217 0.005319 0.005319 0.005601 5e-07 5e-07 0.0075545 0.007653 5e-07 5e-07 0.0105115 0.0117945 0.013781 0.0150095 5e-07 5e-07
size of the cluster:2
 2.35e-05 3.8e-05 6.55e-05 0.0001975 0.00015 0.0001955 7.95e-05 0.000249 0.000372 0.0002985 9.65e-05 0.0001225 0.000677 0.000711 0.0004235 0.0004765 0.000612 7.05e-05 0.000783 0.000287 0.0009545 0.0012265 0.00106 0.000643 0.0006605 0.0011055 0.000815 0.001373 0.0013065 0.001549 0.0015365 0.0004945 0.0013025 0.0002325 0.001608 0.001099 0.0008305 0.002102 0.002426 0.0029725 0.0031365 0.0027705 0.0038975 0.0038045 0.0037735 0.003686 0.005296 0.005522 0.0022355 0.0073575 0.007605 0.0102905 0.0117085 0.014418 0.0137615 0.0143565 0.0163695 0.013461 0.011223 0.0165455 0.017543
size of the cluster:3
 7.4e-05 0.000281 0.0004095 0.0004555 0.0004465 0.000731 0.0004745 0.0010555 0.0004355 0.0003095 5.3e-05 0.001051 0.0007475 0.0009035 0.002461 0.0022885 0.0011765 0.001989 0.0062265
size of the cluster:4

size of the cluster:5

time: 0.025
transion matrix for each mol type: 
A
 479391 10 0 0 0
 148 952955 0 0 0
 43 43 1030404 0 0
 19 16 19 1059482 0
 0 0 0 0 0
lifetime for each mol type: 
A
size of the cluster:1
 1.55e-05 1.55e-05 2.35e-05 2.35e-05 2.6e-05 2.6e-05 4.6e-05 4.6e-05 5.5e-05 5.5e-05 5.85e-05 5.85e-05 5.95e-05 5.95e-05 6.05e-05 6.05e-05 6.1e-05 6.1e-05 7.9e-05 7.9e-05 8.2e-05 8.25e-05 8.25e-05 8.6e-05 8.6e-05 8.9e-05 8.9e-05 9.1e-05 9.1e-05 9.75e-05 0.0001035 0.0001035 0.000116 0.000116 0.0001285 0.0001285 0.000142 0.000142 0.0001465 0.0001465 0.0001465 0.0001465 0.000148 0.000156 0.000156 0.000173 0.000173 0.000182 0.000182 0.000185 0.000185 0.0001855 0.0001855 0.000206 0.000206 0.000221 0.000221 0.0002235 0.000229 0.000229 0.0002375 0.0002375 0.000239 0.0002565 0.000259 0.000259 0.000265 0.000276 0.000276 0.00029 0.00029 0.0002945 0.0002945 0.0002955 0.0002955 0.000305 0.000305 0.00031 0.00031 0.000311 0.000311 0.000328 0.000339 0.000355 0.000355 0.0003575 0.0003575 0.0003645 0.0003645 0.0003685 0.0003685 0.0003705 0.0003705 0.0003785 0.00042 0.00042 0.0004325 0.0004545 0.000457 0.000457 0.000474 0.000474 0.0005165 0.0005355 0.0005355 0.0005375 0.0005375 0.000555 0.000555 0.0005575 0.0005795 0.000613 0.000613 0.000653 0.000653 0.000653 0.000653 0.0006675 0.0006675 0.000684 0.000684 0.000712 0.0007155 0.0007155 0.000732 0.0007355 0.0007585 0.000764 0.000764 0.0007745 0.000784 0.000784 0.000786 0.000894 0.000894 0.0009295 0.00094 0.0009545 0.0009705 0.0009705 0.0009705 0.0009705 0.001014 0.001014 0.001054 0.0010815 0.0010815 0.0011835 0.0012135 0.0012135 0.001256 0.001262 0.001262 0.0012945 0.0013755 0.001426 0.001426 0.0014445 0.001476 0.001499 0.001531 0.001531 0.001558 0.0015655 0.001664 0.001665 0.001678 0.001678 0.001718 5e-07 5e-07 0.0017565 0.001837 0.00184 0.0019755 0.0019765 0.002192 0.0023125 0.0024025 0.0025085 0.002543 0.002721 0.0027695 0.0027905 0.0030165 0.003037 0.003037 0.0031725 0.003267 0.003267 0.0035345 0.0039435 0.005217 0.005319 0.005319 0.005601 5e-07 5e-07 0.0075545 0.007653 5e-07 5e-07 0.0105115 0.0117945 0.013781 0.0150095 5e-07 5e-07 5e-07 5e-07
size of the cluster:2
 2.35e-05 3.8e-05 6.55e-05 0.0001975 0.00015 0.0001955 7.95e-05 0.000249 0.000372 0.0002985 9.65e-05 0.0001225 0.000677 0.000711 0.0004235 0.0004765 0.000612 7.05e-05 0.000783 0.000287 0.0009545 0.0012265 0.00106 0.000643 0.0006605 0.0011055 0.000815 0.001373 0.0013065 0.001549 0.0015365 0.0004945 0.0013025 0.0002325 0.001608 0.001099 0.0008305 0.002102 0.002426 0.0029725 0.0031365 0.0027705 0.0038975 0.0038045 0.0037735 0.003686 0.005296 0.005522 0.0022355 0.0073575 0.007605 0.0102905 0.0117085 0.014418 0.0137615 0.0143565 0.0163695 0.013461 0.011223 0.0165455 0.017543 0.0216125 0.003091 0.023838
size of the cluster:3
 7.4e-05 0.000281 0.0004095 0.0004555 0.0004465 0.000731 0.0004745 0.0010555 0.0004355 0.0003095 5.3e-05 0.001051 0.0007475 0.0009035 0.002461 0.0022885 0.0011765 0.001989 0.0062265
size of the cluster:4

size of the cluster:5

time: 0.03
transion matrix for each mol type: 
A
 479391 10 0 0 0
 148 952955 0 0 0
 43 43 1030404 0 0
 19 16 19 1059482 0
 0 0 0 0 0
lifetime for each mol type: 
A
size of the cluster:1
 1.55e-05 1.55e-05 2.35e-05 2.35e-05 2.6e-05 2.6e-05 4.6e-05 4.6e-05 5.5e-05 5.5e-05 5.85e-05 5.85e-05 5.95e-05 5.95e-05 6.05e-05 6.05e-05 6.1e-05 6.1e-05 7.9e-05 7.9e-05 8.2e-05 8.25e-05 8.25e-05 8.6e-05 8.6e-05 8.9e-05 8.9e-05 9.1e-05 9.1e-05 9.75e-05 0.0001035 0.0001035 0.000116 0.000116 0.0001285 0.0001285 0.000142 0.000142 0.0001465 0.0001465 0.0001465 0.0001465 0.000148 0.000156 0.000156 0.000173 0.000173 0.000182 0.000182 0.000185 0.000185 0.0001855 0.0001855 0.000206 0.000206 0.000221 0.000221 0.0002235 0.000229 0.000229 0.0002375 0.0002375 0.000239 0.0002565 0.000259 0.000259 0.000265 0.000276 0.000276 0.00029 0.00029 0.0002945 0.0002945 0.0002955 0.0002955 0.000305 0.000305 0.00031 0.00031 0.000311 0.000311 0.000328 0.000339 0.000355 0.000355 0.0003575 0.0003575 0.0003645 0.0003645 0.0003685 0.0003685 0.0003705 0.0003705 0.0003785 0.00042 0.00042 0.0004325 0.0004545 0.000457 0.000457 0.000474 0.000474 0.0005165 0.0005355 0.0005355 0.0005375 0.0005375 0.000555 0.000555 0.0005575 0.0005795 0.000613 0.000613 0.000653 0.000653 0.000653 0.000653 0.0006675 0.0006675 0.000684 0.000684 0.000712 0.0007155 0.0007155 0.000732 0.0007355 0.0007585 0.000764 0.000764 0.0007745 0.000784 0.000784 0.000786 0.000894 0.000894 0.0009295 0.00094 0.0009545 0.0009705 0.0009705 0.0009705 0.0009705 0.001014 0.001014 0.001054 0.0010815 0.0010815 0.0011835 0.0012135 0.0012135 0.001256 0.001262 0.001262 0.0012945 0.0013755 0.001426 0.001426 0.0014445 0.001476 0.001499 0.001531 0.001531 0.001558 0.0015655 0.001664 0.001665 0.001678 0.001678 0.001718 5e-07 5e-07 0.0017565 0.001837 0.00184 0.0019755 0.0019765 0.002192 0.0023125 0.0024025 0.0025085 0.002543 0.002721 0.0027695 0.0027905 0.0030165 0.003037 0.003037 0.0031725 0.003267 0.003267 0.0035345 0.0039435 0.005217 0.005319 0.005319 0.005601 5e-07 5e-07 0.0075545 0.007653 5e-07 5e-07 0.0105115 0.0117945 0.013781 0.0150095 5e-07 5e-07 5e-07 5e-07
size of the cluster:2
 2.35e-05 3.8e-05 6.55e-05 0.0001975 0.00015 0.0001955 7.95e-05 0.000249 0.000372 0.0002985 9.65e-05 0.0001225 0.000677 0.000711 0.0004235 0.0004765 0.000612 7.05e-05 0.000783 0.000287 0.0009545 0.0012265 0.00106 0.000643 0.0006605 0.0011055 0.000815 0.001373 0.0013065 0.001549 0.0015365 0.0004945 0.0013025 0.0002325 0.001608 0.001099 0.0008305 0.002102 0.002426 0.0029725 0.0031365 0.0027705 0.0038975 0.0038045 0.0037735 0.003686 0.005296 0.005522 0.0022355 0.0073575 0.007605 0.0102905 0.0117085 0.014418 0.0137615 0.0143565 0.0163695 0.013461 0.011223 0.0165455 0.017543 0.0216125 0.003091 0.023838
size of the cluster:3
 7.4e-05 0.000281 0.0004095 0.0004555 0.0004465 0.000731 0.0004745 0.0010555 0.0004355 0.0003095 5.3e-05 0.001051 0.0007475 0.0009035 0.002461 0.0022885 0.0011765 0.001989 0.0062265
size of the cluster:4

size of the cluster:5

time: 0.035
transion matrix for each mol type: 
A
 490772 12 0 0 0
 148 1121399 0 0 0
 44 44 1443780 0 0
 19 16 19 1524530 0
 0 0 0 0 0
lifetime for each mol type: 
A
size of the cluster:1
 1.55e-05 1.55e-05 2.35e-05 2.35e-05 2.6e-05 2.6e-05 4.6e-05 4.6e-05 5.5e-05 5.5e-05 5.85e-05 5.85e-05 5.95e-05 5.95e-05 6.05e-05 6.05e-05 6.1e-05 6.1e-05 7.9e-05 7.9e-05 8.2e-05 8.25e-05 8.25e-05 8.6e-05 8.6e-05 8.9e-05 8.9e-05 9.1e-05 9.1e-05 9.75e-05 0.0001035 0.0001035 0.000116 0.000116 0.0001285 0.0001285 0.000142 0.000142 0.0001465 0.0001465 0.0001465 0.0001465 0.000148 0.000156 0.000156 0.000173 0.000173 0.000182 0.000182 0.000185 0.000185 0.0001855 0.0001855 0.000206 0.000206 0.000221 0.000221 0.0002235 0.000229 0.000229 0.0002375 0.0002375 0.000239 0.0002565 0.000259 0.000259 0.000265 0.000276 0.000276 0.00029 0.00029 0.0002945 0.0002945 0.0002955 0.0002955 0.000305 0.000305 0.00031 0.00031 0.000311 0.000311 0.000328 0.000339 0.000355 0.000355 0.0003575 0.0003575 0.0003645 0.0003645 0.0003685 0.0003685 0.0003705 0.0003705 0.0003785 0.00042 0.00042 0.0004325 0.0004545 0.000457 0.000457 0.000474 0.000474 0.0005165 0.0005355 0.0005355 0.0005375 0.0005375 0.000555 0.000555 0.0005575 0.0005795 0.000613 0.000613 0.000653 0.000653 0.000653 0.000653 0.0006675 0.0006675 0.000684 0.000684 0.000712 0.0007155 0.0007155 0.000732 0.0007355 0.0007585 0.000764 0.000764 0.0007745 0.000784 0.000784 0.000786 0.000894 0.000894 0.0009295 0.00094 0.0009545 0.0009705 0.0009705 0.0009705 0.0009705 0.001014 0.001014 0.001054 0.0010815 0.0010815 0.0011835 0.0012135 0.0012135 0.001256 0.001262 0.001262 0.0012945 0.0013755 0.001426 0.001426 0.0014445 0.001476 0.001499 0.001531 0.001531 0.001558 0.0015655 0.001664 0.001665 0.001678 0.001678 0.001718 5e-07 5e-07 0.0017565 0.001837 0.00184 0.0019755 0.0019765 0.002192 0.0023125 0.0024025 0.0025085 0.002543 0.002721 0.0027695 0.0027905 0.0030165 0.003037 0.003037 0.0031725 0.003267 0.003267 0.0035345 0.0039435 0.005217 0.005319 0.005319 0.005601 5e-07 5e-07 0.0075545 0.007653 5e-07 5e-07 0.0105115 0.0117945 0.013781 0.0150095 5e-07 5e-07 5e-07 5e-07 0.001897
size of the cluster:2
 2.35e-05 3.8e-05 6.55e-05 0.0001975 0.00015 0.0001955 7.95e-05 0.000249 0.000372 0.0002985 9.65e-05 0.0001225 0.000677 0.000711 0.0004235 0.0004765 0.000612 7.05e-05 0.000783 0.000287 0.0009545 0.0012265 0.00106 0.000643 0.0006605 0.0011055 0.000815 0.001373 0.0013065 0.001549 0.0015365 0.0004945 0.0013025 0.0002325 0.001608 0.001099 0.0008305 0.002102 0.002426 0.0029725 0.0031365 0.0027705 0.0038975 0.0038045 0.0037735 0.003686 0.005296 0.005522 0.0022355 0.0073575 0.007605 0.0102905 0.0117085 0.014418 0.0137615 0.0143565 0.0163695 0.013461 0.011223 0.0165455 0.017543 0.0216125 0.003091 0.023838 0.030308 0.0294735
size of the cluster:3
 7.4e-05 0.000281 0.0004095 0.0004555 0.0004465 0.000731 0.0004745 0.0010555 0.0004355 0.0003095 5.3e-05 0.001051 0.0007475 0.0009035 0.002461 0.0022885 0.0011765 0.001989 0.0062265
size of the cluster:4

size of the cluster:5

time: 0.04
transion matrix for each mol type: 
A
 507245 16 0 0 0
 152 1217083 0 0 0
 44 44 1742804 0 0
 20 16 20 1847477 0
 0 0 0 0 0
lifetime for each mol type: 
A
size of the cluster:1
 1.55e-05 1.55e-05 2.35e-05 2.35e-05 2.6e-05 2.6e-05 4.6e-05 4.6e-05 5.5e-05 5.5e-05 5.85e-05 5.85e-05 5.95e-05 5.95e-05 6.05e-05 6.05e-05 6.1e-05 6.1e-05 7.9e-05 7.9e-05 8.2e-05 8.25e-05 8.25e-05 8.6e-05 8.6e-05 8.9e-05 8.9e-05 9.1e-05 9.1e-05 9.75e-05 0.0001035 0.0001035 0.000116 0.000116 0.0001285 0.0001285 0.000142 0.000142 0.0001465 0.0001465 0.0001465 0.0001465 0.000148 0.000156 0.000156 0.000173 0.000173 0.000182 0.000182 0.000185 0.000185 0.0001855 0.0001855 0.000206 0.000206 0.000221 0.000221 0.0002235 0.000229 0.000229 0.0002375 0.0002375 0.000239 0.0002565 0.000259 0.000259 0.000265 0.000276 0.000276 0.00029 0.00029 0.0002945 0.0002945 0.0002955 0.0002955 0.000305 0.000305 0.00031 0.00031 0.000311 0.000311 0.000328 0.000339 0.000355 0.000355 0.0003575 0.0003575 0.0003645 0.0003645 0.0003685 0.0003685 0.0003705 0.0003705 0.0003785 0.00042 0.00042 0.0004325 0.0004545 0.000457 0.000457 0.000474 0.000474 0.0005165 0.0005355 0.0005355 0.0005375 0.0005375 0.000555 0.000555 0.0005575 0.0005795 0.000613 0.000613 0.000653 0.000653 0.000653 0.000653 0.0006675 0.0006675 0.000684 0.000684 0.000712 0.0007155 0.0007155 0.000732 0.0007355 0.0007585 0.000764 0.000764 0.0007745 0.000784 0.000784 0.000786 0.000894 0.000894 0.0009295 0.00094 0.0009545 0.0009705 0.0009705 0.0009705 0.0009705 0.001014 0.001014 0.001054 0.0010815 0.0010815 0.0011835 0.0012135 0.0012135 0.001256 0.001262 0.001262 0.0012945 0.0013755 0.001426 0.001426 0.0014445 0.001476 0.001499 0.001531 0.001531 0.001558 0.0015655 0.001664 0.001665 0.001678 0.001678 0.001718 5e-07 5e-07 0.0017565 0.001837 0.00184 0.0019755 0.0019765 0.002192 0.0023125 0.0024025 0.0025085 0.002543 0.002721 0.0027695 0.0027905 0.0030165 0.003037 0.003037 0.0031725 0.003267 0.003267 0.0035345 0.0039435 0.005217 0.005319 0.005319 0.005601 5e-07 5e-07 0.0075545 0.007653 5e-07 5e-07 0.0105115 0.0117945 0.013781 0.0150095 5e-07 5e-07 5e-07 5e-07 0.001897 5e-07 5e-07 5e-07 5e-07 0.0078775
size of the cluster:2
 2.35e-05 3.8e-05 6.55e-05 0.0001975 0.00015 0.0001955 7.95e-05 0.000249 0.000372 0.0002985 9.65e-05 0.0001225 0.000677 0.000711 0.0004235 0.0004765 0.000612 7.05e-05 0.000783 0.000287 0.0009545 0.0012265 0.00106 0.000643 0.0006605 0.0011055 0.000815 0.001373 0.0013065 0.001549 0.0015365 0.0004945 0.0013025 0.0002325 0.001608 0.001099 0.0008305 0.002102 0.002426 0.0029725 0.0031365 0.0027705 0.0038975 0.0038045 0.0037735 0.003686 0.005296 0.005522 0.0022355 0.0073575 0.007605 0.0102905 0.0117085 0.014418 0.0137615 0.0143565 0.0163695 0.013461 0.011223 0.0165455 0.017543 0.0216125 0.003091 0.023838 0.030308 0.0294735 0.0358995 0.0123365
size of the cluster:3
 7.4e-05 0.000281 0.0004095 0.0004555 0.0004465 0.000731 0.0004745 0.0010555 0.0004355 0.0003095 5.3e-05 0.001051 0.0007475 0.0009035 0.002461 0.0022885 0.0011765 0.001989 0.0062265 0.0269265
size of the cluster:4

size of the cluster:5

time: 0.045
transion matrix for each mol type: 
A
 507245 16 0 0 0
 152 1264988 0 0 0
 44 44 1870556 0 0
 20 18 20 1996521 0
 0 0 0 0 0
lifetime for each mol type: 
A
size of the cluster:1
 1.55e-05 1.55e-05 2.35e-05 2.35e-05 2.6e-05 2.6e-05 4.6e-05 4.6e-05 5.5e-05 5.5e-05 5.85e-05 5.85e-05 5.95e-05 5.95e-05 6.05e-05 6.05e-05 6.1e-05 6.1e-05 7.9e-05 7.9e-05 8.2e-05 8.25e-05 8.25e-05 8.6e-05 8.6e-05 8.9e-05 8.9e-05 9.1e-05 9.1e-05 9.75e-05 0.0001035 0.0001035 0.000116 0.000116 0.0001285 0.0001285 0.000142 0.000142 0.0001465 0.0001465 0.0001465 0.0001465 0.000148 0.000156 0.000156 0.000173 0.000173 0.000182 0.000182 0.000185 0.000185 0.0001855 0.0001855 0.000206 0.000206 0.000221 0.000221 0.0002235 0.000229 0.000229 0.0002375 0.0002375 0.000239 0.0002565 0.000259 0.000259 0.000265 0.000276 0.000276 0.00029 0.00029 0.0002945 0.0002945 0.0002955 0.0002955 0.000305 0.000305 0.00031 0.00031 0.000311 0.000311 0.000328 0.000339 0.000355 0.000355 0.0003575 0.0003575 0.0003645 0.0003645 0.0003685 0.0003685 0.0003705 0.0003705 0.0003785 0.00042 0.00042 0.0004325 0.0004545 0.000457 0.000457 0.000474 0.000474 0.0005165 0.0005355 0.0005355 0.0005375 0.0005375 0.000555 0.000555 0.0005575 0.0005795 0.000613 0.000613 0.000653 0.000653 0.000653 0.000653 0.0006675 0.0006675 0.000684 0.000684 0.000712 0.0007155 0.0007155 0.000732 0.0007355 0.0007585 0.000764 0.000764 0.0007745 0.000784 0.000784 0.000786 0.000894 0.000894 0.0009295 0.00094 0.0009545 0.0009705 0.0009705 0.0009705 0.0009705 0.001014 0.001014 0.001054 0.0010815 0.0010815 0.0011835 0.0012135 0.0012135 0.001256 0.001262 0.001262 0.0012945 0.0013755 0.001426 0.001426 0.0014445 0.001476 0.001499 0.001531 0.001531 0.001558 0.0015655 0.001664 0.001665 0.001678 0.001678 0.001718 5e-07 5e-07 0.0017565 0.001837 0.00184 0.0019755 0.0019765 0.002192 0.0023125 0.0024025 0.0025085 0.002543 0.002721 0.0027695 0.0027905 0.0030165 0.003037 0.003037 0.0031725 0.003267 0.003267 0.0035345 0.0039435 0.005217 0.005319 0.005319 0.005601 5e-07 5e-07 0.0075545 0.007653 5e-07 5e-07 0.0105115 0.0117945 0.013781 0.0150095 5e-07 5e-07 5e-07 5e-07 0.001897 5e-07 5e-07 5e-07 5e-07 0.0078775
size of the cluster:2
 2.35e-05 3.8e-05 6.55e-05 0.0001975 0.00015 0.0001955 7.95e-05 0.000249 0.000372 0.0002985 9.65e-05 0.0001225 0.000677 0.000711 0.0004235 0.0004765 0.000612 7.05e-05 0.000783 0.000287 0.0009545 0.0012265 0.00106 0.000643 0.0006605 0.0011055 0.000815 0.001373 0.0013065 0.001549 0.0015365 0.0004945 0.0013025 0.0002325 0.001608 0.001099 0.0008305 0.002102 0.002426 0.0029725 0.0031365 0.0027705 0.0038975 0.0038045 0.0037735 0.003686 0.005296 0.005522 0.0022355 0.0073575 0.007605 0.0102905 0.0117085 0.014418 0.0137615 0.0143565 0.0163695 0.013461 0.011223 0.0165455 0.017543 0.0216125 0.003091 0.023838 0.030308 0.0294735 0.0358995 0.0123365 0.0052065 0.004917
size of the cluster:3
 7.4e-05 0.000281 0.0004095 0.0004555 0.0004465 0.000731 0.0004745 0.0010555 0.0004355 0.0003095 5.3e-05 0.001051 0.0007475 0.0009035 0.002461 0.0022885 0.0011765 0.001989 0.0062265 0.0269265
size of the cluster:4

size of the cluster:5

time: 0.0499995
transion matrix for each mol type: 
A
 507245 16 0 0 0
 152 1264988 0 0 0
 44 44 1870556 0 0
 20 18 20 1996521 0
 0 0 0 0 0
lifetime for each mol type: 
A
size of the cluster:1
 1.55e-05 1.55e-05 2.35e-05 2.35e-05 2.6e-05 2.6e-05 4.6e-05 4.6e-05 5.5e-05 5.5e-05 5.85e-05 5.85e-05 5.95e-05 5.95e-05 6.05e-05 6.05e-05 6.1e-05 6.1e-05 7.9e-05 7.9e-05 8.2e-05 8.25e-05 8.25e-05 8.6e-05 8.6e-05 8.9e-05 8.9e-05 9.1e-05 9.1e-05 9.75e-05 0.0001035 0.0001035 0.000116 0.000116 0.0001285 0.0001285 0.000142 0.000142 0.0001465 0.0001465 0.0001465 0.0001465 0.000148 0.000156 0.000156 0.000173 0.000173 0.000182 0.000182 0.000185 0.000185 0.0001855 0.0001855 0.000206 0.000206 0.000221 0.000221 0.0002235 0.000229 0.000229 0.0002375 0.0002375 0.000239 0.0002565 0.000259 0.000259 0.000265 0.000276 0.000276 0.00029 0.00029 0.0002945 0.0002945 0.0002955 0.0002955 0.000305 0.000305 0.00031 0.00031 0.000311 0.000311 0.000328 0.000339 0.000355 0.000355 0.0003575 0.0003575 0.0003645 0.0003645 0.0003685 0.0003685 0.0003705 0.0003705 0.0003785 0.00042 0.00042 0.0004325 0.0004545 0.000457 0.000457 0.000474 0.000474 0.0005165 0.0005355 0.0005355 0.0005375 0.0005375 0.000555 0.000555 0.0005575 0.0005795 0.000613 0.000613 0.000653 0.000653 0.000653 0.000653 0.0006675 0.0006675 0.000684 0.000684 0.000712 0.0007155 0.0007155 0.000732 0.0007355 0.0007585 0.000764 0.000764 0.0007745 0.000784 0.000784 0.000786 0.000894 0.000894 0.0009295 0.00094 0.0009545 0.0009705 0.0009705 0.0009705 0.0009705 0.001014 0.001014 0.001054 0.0010815 0.0010815 0.0011835 0.0012135 0.0012135 0.001256 0.001262 0.001262 0.0012945 0.0013755 0.001426 0.001426 0.0014445 0.001476 0.001499 0.001531 0.001531 0.001558 0.0015655 0.001664 0.001665 0.001678 0.001678 0.001718 5e-07 5e-07 0.0017565 0.001837 0.00184 0.0019755 0.0019765 0.002192 0.0023125 0.0024025 0.0025085 0.002543 0.002721 0.0027695 0.0027905 0.0030165 0.003037 0.003037 0.0031725 0.003267 0.003267 0.0035345 0.0039435 0.005217 0.005319 0.005319 0.005601 5e-07 5e-07 0.0075545 0.007653 5e-07 5e-07 0.0105115 0.0117945 0.013781 0.0150095 5e-07 5e-07 5e-07 5e-07 0.001897 5e-07 5e-07 5e-07 5e-07 0.0078775
size of the cluster:2
 2.35e-05 3.8e-05 6.55e-05 0.0001975 0.00015 0.0001955 7.95e-05 0.000249 0.000372 0.0002985 9.65e-05 0.0001225 0.000677 0.000711 0.0004235 0.0004765 0.000612 7.05e-05 0.000783 0.000287 0.0009545 0.0012265 0.00106 0.000643 0.0006605 0.0011055 0.000815 0.001373 0.0013065 0.001549 0.0015365 0.0004945 0.0013025 0.0002325 0.001608 0.001099 0.0008305 0.002102 0.002426 0.0029725 0.0031365 0.0027705 0.0038975 0.0038045 0.0037735 0.003686 0.005296 0.005522 0.0022355 0.0073575 0.007605 0.0102905 0.0117085 0.014418 0.0137615 0.0143565 0.0163695 0.013461 0.011223 0.0165455 0.017543 0.0216125 0.003091 0.023838 0.030308 0.0294735 0.0358995 0.0123365 0.0052065 0.004917
size of the cluster:3
 7.4e-05 0.000281 0.0004095 0.0004555 0.0004465 0.000731 0.0004745 0.0010555 0.0004355 0.0003095 5.3e-05 0.001051 0.0007475 0.0009035 0.002461 0.0022885 0.0011765 0.001989 0.0062265 0.0269265
size of the cluster:4

size of the cluster:5

