TIME(s)	'A,A'	'A,B'	'B,B'	Nloops	nOverlapPartner	nOverlapSystem	nOverlapSpanBox	nDisplace2D	nDisplace3D	nDisplace3Dto2D	nAssocSuccess
0	0	0	0	0	0	0	0	0	0	0	0
0.001	4	7	5	0	0	0	0	0	0	0	16
0.002	8	12	9	3	0	0	0	0	0	0	26
0.003	14	16	16	7	0	1	0	0	0	0	39
0.004	22	20	19	14	0	1	0	0	0	0	47
0.005	25	26	25	19	1	1	0	0	0	0	57
0.006	26	31	26	20	1	1	0	0	0	0	64
0.007	31	33	26	21	2	1	0	0	0	0	70
0.008	38	39	31	29	2	1	0	0	0	0	80
0.009	41	39	34	30	2	1	0	0	0	0	85
0.01	49	42	35	36	2	1	0	0	0	0	91
0.011	52	49	36	42	3	1	0	0	0	0	96
0.012	56	52	39	46	4	1	0	0	0	0	102
0.013	59	60	43	56	6	2	0	0	0	0	107
0.014	64	64	46	64	6	2	0	0	0	0	111
0.015	65	68	48	65	6	3	0	0	0	0	117
0.016	71	71	48	70	8	3	0	0	0	0	121
0.017	73	71	48	70	10	3	0	0	0	0	123
0.018	75	77	50	77	10	3	0	0	0	0	127
0.019	77	81	52	82	10	3	0	0	0	0	130
0.02	77	81	53	82	11	3	0	0	0	0	131
0.021	81	85	54	87	12	3	0	0	0	0	135
0.022	81	85	56	88	14	3	0	0	0	0	136
0.023	81	86	57	88	16	3	0	0	0	0	138
0.024	81	88	71	98	16	3	0	0	0	0	144
0.025	84	95	71	105	16	3	0	0	0	0	147
0.026	95	99	72	116	16	4	0	0	0	0	152
0.027	95	99	72	116	16	4	0	0	0	0	152
0.028	95	99	72	116	19	4	0	0	0	0	152
0.029	95	99	73	116	20	4	0	0	0	0	153
0.03	95	99	75	117	22	4	0	0	0	0	154
0.031	95	99	75	117	23	4	0	0	0	0	154
0.032	95	105	77	124	24	4	0	0	0	0	155
0.033	95	105	78	124	26	4	0	0	0	0	156
0.034	95	105	78	124	30	4	0	0	0	0	156
0.035	97	105	78	125	30	4	0	0	0	0	157
0.036	97	105	78	125	31	4	0	0	0	0	157
0.037	97	105	78	125	36	4	0	0	0	0	157
0.038	97	109	78	128	38	4	0	0	0	0	158
0.039	97	111	78	129	39	4	0	0	0	0	159
0.04	97	111	78	129	41	4	0	0	0	0	159
0.041	97	111	78	129	43	4	0	0	0	0	159
0.042	97	116	89	142	45	4	0	0	0	0	162
0.043	97	116	89	142	47	4	0	0	0	0	162
0.044	97	119	89	144	48	4	0	0	0	0	163
0.045	97	119	89	144	49	4	0	0	0	0	163
0.046	97	122	92	148	49	4	0	0	0	0	165
0.047	105	122	92	155	49	4	0	0	0	0	166
0.048	105	122	92	155	52	4	0	0	0	0	166
0.049	105	122	92	155	54	4	0	0	0	0	166
0.05	105	124	96	159	55	4	0	0	0	0	168
0.051	105	124	96	159	56	4	0	0	0	0	168
0.052	105	124	96	159	58	4	0	0	0	0	168
0.053	105	124	96	159	60	4	0	0	0	0	168
0.054	105	124	96	159	62	4	0	0	0	0	168
0.055	106	127	96	162	63	4	0	0	0	0	169
0.056	106	128	99	165	64	4	0	0	0	0	170
0.057	106	128	99	165	68	4	0	0	0	0	170
0.058	106	128	99	165	68	4	0	0	0	0	170
0.059	106	128	99	165	72	4	0	0	0	0	170
0.06	106	128	99	165	75	4	0	0	0	0	170
0.061	106	128	99	165	75	4	0	0	0	0	170
0.062	106	128	99	165	77	4	0	0	0	0	170
0.063	106	128	99	165	77	4	0	0	0	0	170
0.064	109	128	99	167	79	4	0	0	0	0	171
0.065	109	128	99	167	79	4	0	0	0	0	171
0.066	109	128	99	167	79	4	0	0	0	0	171
0.067	109	129	100	168	79	4	0	0	0	0	172
0.068	109	129	100	168	80	4	0	0	0	0	172
0.069	109	129	100	168	83	4	0	0	0	0	172
0.07	110	133	101	173	87	4	0	0	0	0	173
0.071	110	133	101	173	87	4	0	0	0	0	173
0.072	110	133	101	173	89	4	0	0	0	0	173
0.073	110	133	101	173	96	4	0	0	0	0	173
0.074	110	133	101	173	98	4	0	0	0	0	173
0.075	110	133	101	173	99	4	0	0	0	0	173
0.076	110	134	101	173	101	4	0	0	0	0	174
0.077	113	138	101	179	103	4	0	0	0	0	175
0.078	113	138	101	179	104	4	0	0	0	0	175
0.079	113	138	101	179	105	4	0	0	0	0	175
0.08	113	138	101	179	105	4	0	0	0	0	175
0.081	113	138	101	179	105	4	0	0	0	0	175
0.082	113	138	101	179	106	4	0	0	0	0	175
0.083	113	138	101	179	106	4	0	0	0	0	175
0.084	113	138	101	179	108	4	0	0	0	0	175
0.085	113	138	101	179	112	4	0	0	0	0	175
0.086	113	138	101	179	114	4	0	0	0	0	175
0.087	113	138	101	179	114	4	0	0	0	0	175
0.088	113	138	101	179	114	4	0	0	0	0	175
0.089	113	138	101	179	114	4	0	0	0	0	175
0.09	113	138	101	179	114	4	0	0	0	0	175
0.091	113	138	101	179	114	4	0	0	0	0	175
0.092	113	138	101	179	116	4	0	0	0	0	175
0.093	113	138	101	179	117	4	0	0	0	0	175
0.094	113	138	101	179	117	4	0	0	0	0	175
0.095	113	138	101	179	118	4	0	0	0	0	175
0.096	115	140	101	182	119	4	0	0	0	0	176
0.097	115	140	101	182	120	4	0	0	0	0	176
0.098	116	145	103	189	121	4	0	0	0	0	177
0.099	116	145	103	189	121	4	0	0	0	0	177
0.1	116	145	103	189	121	4	0	0	0	0	177
0.101	116	145	103	189	121	4	0	0	0	0	177
0.102	116	145	103	189	122	4	0	0	0	0	177
0.103	116	145	103	189	124	4	0	0	0	0	177
0.104	116	145	103	189	124	4	0	0	0	0	177
0.105	116	145	103	189	124	4	0	0	0	0	177
0.106	116	145	103	189	125	4	0	0	0	0	177
0.107	116	145	103	189	125	4	0	0	0	0	177
0.108	116	145	103	189	130	4	0	0	0	0	177
0.109	116	145	103	189	131	4	0	0	0	0	177
0.11	117	147	106	194	131	4	0	0	0	0	178
0.111	117	147	106	194	131	4	0	0	0	0	178
0.112	117	147	106	194	131	4	0	0	0	0	178
0.113	117	147	106	194	131	4	0	0	0	0	178
0.114	117	147	106	194	132	4	0	0	0	0	178
0.115	117	147	106	194	132	4	0	0	0	0	178
0.116	117	147	106	194	133	4	0	0	0	0	178
0.117	117	147	106	194	133	4	0	0	0	0	178
0.118	117	147	106	194	133	4	0	0	0	0	178
0.119	117	147	106	194	136	4	0	0	0	0	178
0.12	117	147	106	194	136	4	0	0	0	0	178
0.121	117	147	106	194	136	4	0	0	0	0	178
0.122	117	147	106	194	136	4	0	0	0	0	178
0.123	117	147	106	194	137	4	0	0	0	0	178
0.124	117	147	106	194	138	4	0	0	0	0	178
0.125	117	147	106	194	138	4	0	0	0	0	178
0.126	117	147	106	194	139	4	0	0	0	0	178
0.127	117	147	106	194	140	4	0	0	0	0	178
0.128	117	147	106	194	141	4	0	0	0	0	178
0.129	117	147	106	194	141	4	0	0	0	0	178
0.13	117	147	106	194	141	4	0	0	0	0	178
0.131	117	147	106	194	141	4	0	0	0	0	178
0.132	117	147	106	194	141	4	0	0	0	0	178
0.133	117	147	106	194	143	4	0	0	0	0	178
0.134	117	147	106	194	143	4	0	0	0	0	178
0.135	117	147	106	194	143	4	0	0	0	0	178
0.136	117	147	106	194	143	4	0	0	0	0	178
0.137	117	147	106	194	143	4	0	0	0	0	178
0.138	119	153	107	202	143	4	0	0	0	0	179
0.139	119	153	107	202	143	4	0	0	0	0	179
0.14	119	153	107	202	145	4	0	0	0	0	179
0.141	119	153	107	202	147	4	0	0	0	0	179
0.142	119	153	107	202	147	4	0	0	0	0	179
0.143	119	153	107	202	147	4	0	0	0	0	179
0.144	119	153	107	202	147	4	0	0	0	0	179
0.145	119	153	107	202	148	4	0	0	0	0	179
0.146	119	153	107	202	152	4	0	0	0	0	179
0.147	119	153	107	202	154	4	0	0	0	0	179
0.148	119	153	107	202	154	4	0	0	0	0	179
0.149	119	153	107	202	154	4	0	0	0	0	179
0.15	119	153	107	202	155	4	0	0	0	0	179
0.151	119	153	107	202	157	4	0	0	0	0	179
0.152	119	153	107	202	161	4	0	0	0	0	179
0.153	119	153	107	202	161	4	0	0	0	0	179
0.154	119	153	107	202	161	4	0	0	0	0	179
0.155	119	153	107	202	162	4	0	0	0	0	179
0.156	119	153	107	202	165	4	0	0	0	0	179
0.157	119	153	107	202	167	4	0	0	0	0	179
0.158	119	153	107	202	167	4	0	0	0	0	179
0.159	119	153	107	202	167	4	0	0	0	0	179
0.16	119	153	107	202	167	4	0	0	0	0	179
0.161	119	153	107	202	168	4	0	0	0	0	179
0.162	119	153	107	202	170	4	0	0	0	0	179
0.163	119	153	107	202	172	4	0	0	0	0	179
0.164	119	153	107	202	173	4	0	0	0	0	179
0.165	119	153	107	202	173	4	0	0	0	0	179
0.166	119	153	107	202	176	4	0	0	0	0	179
0.167	119	153	107	202	178	4	0	0	0	0	179
0.168	119	153	107	202	179	4	0	0	0	0	179
0.169	119	153	107	202	180	4	0	0	0	0	179
0.17	119	152	107	202	180	4	0	0	0	0	179
0.171	119	152	107	202	180	4	0	0	0	0	179
0.172	119	152	107	202	183	4	0	0	0	0	179
0.173	119	152	107	202	184	4	0	0	0	0	179
0.174	119	152	107	202	184	4	0	0	0	0	179
0.175	119	152	107	202	184	4	0	0	0	0	179
0.176	119	152	107	202	184	4	0	0	0	0	179
0.177	119	152	107	202	184	4	0	0	0	0	179
0.178	119	152	107	202	184	4	0	0	0	0	179
0.179	119	152	107	202	184	4	0	0	0	0	179
0.18	119	152	107	202	184	4	0	0	0	0	179
0.181	119	152	107	202	186	4	0	0	0	0	179
0.182	119	152	107	202	189	4	0	0	0	0	179
0.183	119	152	107	202	190	4	0	0	0	0	179
0.184	119	152	107	202	190	4	0	0	0	0	179
0.185	119	152	107	202	190	4	0	0	0	0	179
0.186	119	152	107	202	191	4	0	0	0	0	179
0.187	119	152	107	202	191	4	0	0	0	0	179
0.188	119	152	107	202	191	4	0	0	0	0	179
0.189	119	152	107	202	192	4	0	0	0	0	179
0.19	119	152	107	202	192	4	0	0	0	0	179
0.191	119	152	107	202	193	4	0	0	0	0	179
0.192	119	152	107	202	193	4	0	0	0	0	179
0.193	119	152	107	202	194	4	0	0	0	0	179
0.194	119	152	107	202	194	4	0	0	0	0	179
0.195	119	152	107	202	196	4	0	0	0	0	179
0.196	119	152	107	202	197	4	0	0	0	0	179
0.197	119	152	107	202	197	4	0	0	0	0	179
0.198	119	152	107	202	198	4	0	0	0	0	179
0.199	119	152	107	202	200	4	0	0	0	0	179
0.2	119	152	107	202	200	4	0	0	0	0	179
0.201	119	152	107	202	205	4	0	0	0	0	179
0.202	119	152	107	202	206	4	0	0	0	0	179
0.203	119	152	107	202	209	4	0	0	0	0	179
0.204	119	152	107	202	213	4	0	0	0	0	179
0.205	119	152	107	202	215	4	0	0	0	0	179
0.206	119	152	107	202	216	4	0	0	0	0	179
0.207	119	152	107	202	218	4	0	0	0	0	179
0.208	119	151	107	202	219	4	0	0	0	0	179
0.209	122	155	107	208	219	4	0	0	0	0	180
0.21	122	155	107	208	221	4	0	0	0	0	180
0.211	122	155	107	208	221	4	0	0	0	0	180
0.212	122	155	107	208	225	4	0	0	0	0	180
0.213	123	157	107	210	225	4	0	0	0	0	181
0.214	123	157	107	210	225	4	0	0	0	0	181
0.215	123	157	107	210	226	4	0	0	0	0	181
0.216	123	157	107	210	226	4	0	0	0	0	181
0.217	123	157	107	210	228	4	0	0	0	0	181
0.218	123	157	107	210	230	4	0	0	0	0	181
0.219	123	157	107	210	230	4	0	0	0	0	181
0.22	123	157	107	210	231	4	0	0	0	0	181
0.221	123	157	107	210	231	4	0	0	0	0	181
0.222	123	157	107	210	232	4	0	0	0	0	181
0.223	123	157	107	210	232	4	0	0	0	0	181
0.224	123	157	107	210	233	4	0	0	0	0	181
0.225	123	157	107	210	234	4	0	0	0	0	181
0.226	123	157	107	210	234	4	0	0	0	0	181
0.227	123	157	107	210	235	4	0	0	0	0	181
0.228	123	157	107	210	238	4	0	0	0	0	181
0.229	123	157	107	210	239	4	0	0	0	0	181
0.23	123	157	107	210	241	4	0	0	0	0	181
0.231	123	157	107	210	241	4	0	0	0	0	181
0.232	123	157	107	210	241	4	0	0	0	0	181
0.233	123	157	107	210	241	4	0	0	0	0	181
0.234	123	157	107	210	242	4	0	0	0	0	181
0.235	123	157	107	210	242	4	0	0	0	0	181
0.236	123	157	107	210	243	4	0	0	0	0	181
0.237	123	157	107	210	243	4	0	0	0	0	181
0.238	123	157	107	210	246	4	0	0	0	0	181
0.239	123	157	107	210	247	4	0	0	0	0	181
0.24	123	157	107	210	247	4	0	0	0	0	181
0.241	123	157	107	210	249	4	0	0	0	0	181
0.242	123	157	107	210	250	4	0	0	0	0	181
0.243	123	157	107	210	251	4	0	0	0	0	181
0.244	123	157	107	210	254	4	0	0	0	0	181
0.245	123	157	107	210	255	4	0	0	0	0	181
0.246	123	157	107	210	256	4	0	0	0	0	181
0.247	123	157	107	210	256	4	0	0	0	0	181
0.248	123	157	107	210	256	4	0	0	0	0	181
0.249	123	157	107	210	256	4	0	0	0	0	181
0.25	123	157	107	210	256	4	0	0	0	0	181
0.251	123	157	107	210	257	4	0	0	0	0	181
0.252	123	157	107	210	257	4	0	0	0	0	181
0.253	123	157	107	210	257	4	0	0	0	0	181
0.254	123	157	107	210	259	4	0	0	0	0	181
0.255	123	157	107	210	260	4	0	0	0	0	181
0.256	123	157	107	210	260	4	0	0	0	0	181
0.257	123	157	107	210	261	4	0	0	0	0	181
0.258	123	157	107	210	261	4	0	0	0	0	181
0.259	123	157	107	210	261	4	0	0	0	0	181
0.26	123	157	107	210	262	4	0	0	0	0	181
0.261	123	157	107	210	262	4	0	0	0	0	181
0.262	123	157	107	210	262	4	0	0	0	0	181
0.263	123	157	107	210	262	4	0	0	0	0	181
0.264	123	157	107	210	262	4	0	0	0	0	181
0.265	123	157	107	210	262	4	0	0	0	0	181
0.266	123	157	107	210	263	4	0	0	0	0	181
0.267	123	157	107	210	263	4	0	0	0	0	181
0.268	123	157	107	210	263	4	0	0	0	0	181
0.269	123	157	107	210	263	4	0	0	0	0	181
0.27	123	157	107	210	264	4	0	0	0	0	181
0.271	123	157	107	210	267	4	0	0	0	0	181
0.272	123	157	107	210	270	4	0	0	0	0	181
0.273	123	157	107	210	270	4	0	0	0	0	181
0.274	123	157	107	210	271	4	0	0	0	0	181
0.275	123	157	107	210	272	4	0	0	0	0	181
0.276	123	157	107	210	274	4	0	0	0	0	181
0.277	123	157	107	210	275	4	0	0	0	0	181
0.278	123	157	107	210	275	4	0	0	0	0	181
0.279	123	157	107	210	276	4	0	0	0	0	181
0.28	123	157	107	210	277	4	0	0	0	0	181
0.281	123	157	107	210	277	4	0	0	0	0	181
0.282	123	157	107	210	277	4	0	0	0	0	181
0.283	123	157	107	210	277	4	0	0	0	0	181
0.284	123	157	107	210	278	4	0	0	0	0	181
0.285	123	157	107	210	278	4	0	0	0	0	181
0.286	123	157	107	210	278	4	0	0	0	0	181
0.287	123	157	107	210	278	4	0	0	0	0	181
0.288	123	157	107	210	280	4	0	0	0	0	181
0.289	123	157	107	210	283	4	0	0	0	0	181
0.29	124	162	111	219	284	4	0	0	0	0	182
0.291	124	162	111	219	284	4	0	0	0	0	182
0.292	124	162	111	219	287	4	0	0	0	0	182
0.293	124	162	111	219	288	4	0	0	0	0	182
0.294	124	162	111	219	288	4	0	0	0	0	182
0.295	124	162	111	219	288	4	0	0	0	0	182
0.296	124	162	111	219	288	4	0	0	0	0	182
0.297	124	162	111	219	289	4	0	0	0	0	182
0.298	124	162	111	219	290	4	0	0	0	0	182
0.299	124	162	111	219	290	4	0	0	0	0	182
0.3	124	162	111	219	292	4	0	0	0	0	182
0.301	124	162	111	219	293	4	0	0	0	0	182
0.302	124	162	111	219	293	4	0	0	0	0	182
0.303	124	162	111	219	295	4	0	0	0	0	182
0.304	124	162	111	219	296	4	0	0	0	0	182
0.305	124	162	111	219	297	4	0	0	0	0	182
0.306	124	162	111	219	297	4	0	0	0	0	182
0.307	124	162	111	219	297	4	0	0	0	0	182
0.308	124	162	111	219	298	4	0	0	0	0	182
0.309	124	162	111	219	299	4	0	0	0	0	182
0.31	124	162	111	219	299	4	0	0	0	0	182
0.311	124	162	111	219	299	4	0	0	0	0	182
0.312	124	162	111	219	299	4	0	0	0	0	182
0.313	124	162	111	219	302	4	0	0	0	0	182
0.314	124	162	111	219	303	4	0	0	0	0	182
0.315	124	162	111	219	304	4	0	0	0	0	182
0.316	124	162	111	219	305	4	0	0	0	0	182
0.317	124	162	111	219	306	4	0	0	0	0	182
0.318	124	162	111	219	306	4	0	0	0	0	182
0.319	124	162	111	219	306	4	0	0	0	0	182
0.32	124	162	111	219	308	4	0	0	0	0	182
0.321	124	162	111	219	308	4	0	0	0	0	182
0.322	124	162	111	219	308	4	0	0	0	0	182
0.323	124	162	111	219	308	4	0	0	0	0	182
0.324	124	162	111	219	308	4	0	0	0	0	182
0.325	124	162	111	219	309	4	0	0	0	0	182
0.326	124	162	111	219	309	4	0	0	0	0	182
0.327	124	162	111	219	309	4	0	0	0	0	182
0.328	124	162	111	219	309	4	0	0	0	0	182
0.329	124	162	111	219	309	4	0	0	0	0	182
0.33	124	162	111	219	310	4	0	0	0	0	182
0.331	124	162	111	219	310	4	0	0	0	0	182
0.332	124	162	111	219	310	4	0	0	0	0	182
0.333	124	162	111	219	310	4	0	0	0	0	182
0.334	124	162	111	219	310	4	0	0	0	0	182
0.335	124	162	111	219	311	4	0	0	0	0	182
0.336	124	162	111	219	311	4	0	0	0	0	182
0.337	124	162	111	219	311	4	0	0	0	0	182
0.338	124	162	111	219	313	4	0	0	0	0	182
0.339	124	162	111	219	313	4	0	0	0	0	182
0.34	124	162	111	219	313	4	0	0	0	0	182
0.341	124	162	111	219	313	4	0	0	0	0	182
0.342	124	162	111	219	313	4	0	0	0	0	182
0.343	124	162	111	219	315	4	0	0	0	0	182
0.344	124	162	111	219	318	4	0	0	0	0	182
0.345	124	162	111	219	319	4	0	0	0	0	182
0.346	124	162	111	219	319	4	0	0	0	0	182
0.347	124	162	111	219	319	4	0	0	0	0	182
0.348	124	162	111	219	320	4	0	0	0	0	182
0.349	124	162	111	219	321	4	0	0	0	0	182
0.35	124	162	111	219	323	4	0	0	0	0	182
0.351	124	162	111	219	325	4	0	0	0	0	182
0.352	124	162	111	219	327	4	0	0	0	0	182
0.353	124	162	111	219	328	4	0	0	0	0	182
0.354	124	162	111	219	329	4	0	0	0	0	182
0.355	124	162	111	219	329	4	0	0	0	0	182
0.356	124	162	111	219	329	4	0	0	0	0	182
0.357	124	162	111	219	331	4	0	0	0	0	182
0.358	124	162	111	219	331	4	0	0	0	0	182
0.359	124	162	111	219	331	4	0	0	0	0	182
0.36	124	162	111	219	331	4	0	0	0	0	182
0.361	124	162	111	219	332	4	0	0	0	0	182
0.362	124	162	111	219	332	4	0	0	0	0	182
0.363	124	162	111	219	332	4	0	0	0	0	182
0.364	124	162	111	219	333	4	0	0	0	0	182
0.365	124	162	111	219	336	4	0	0	0	0	182
0.366	124	162	111	219	336	4	0	0	0	0	182
0.367	124	162	111	219	336	4	0	0	0	0	182
0.368	124	162	111	219	338	4	0	0	0	0	182
0.369	124	162	111	219	339	4	0	0	0	0	182
0.37	124	162	111	219	339	4	0	0	0	0	182
0.371	124	162	111	219	339	4	0	0	0	0	182
0.372	124	162	111	219	339	4	0	0	0	0	182
0.373	124	162	111	219	341	4	0	0	0	0	182
0.374	124	162	111	219	341	4	0	0	0	0	182
0.375	124	162	111	219	344	4	0	0	0	0	182
0.376	124	162	111	219	346	4	0	0	0	0	182
0.377	124	162	111	219	346	4	0	0	0	0	182
0.378	124	162	111	219	347	4	0	0	0	0	182
0.379	124	162	111	219	347	4	0	0	0	0	182
0.38	124	162	111	219	347	4	0	0	0	0	182
0.381	124	162	111	219	350	4	0	0	0	0	182
0.382	124	162	111	219	350	4	0	0	0	0	182
0.383	124	162	111	219	351	4	0	0	0	0	182
0.384	124	162	111	219	351	4	0	0	0	0	182
0.385	124	162	111	219	351	4	0	0	0	0	182
0.386	124	162	111	219	351	4	0	0	0	0	182
0.387	124	162	111	219	353	4	0	0	0	0	182
0.388	124	162	111	219	353	4	0	0	0	0	182
0.389	124	162	111	219	353	4	0	0	0	0	182
0.39	124	162	111	219	356	4	0	0	0	0	182
0.391	124	162	111	219	357	4	0	0	0	0	182
0.392	124	162	111	219	357	4	0	0	0	0	182
0.393	124	162	111	219	358	4	0	0	0	0	182
0.394	124	162	111	219	358	4	0	0	0	0	182
0.395	124	162	111	219	358	4	0	0	0	0	182
0.396	124	162	111	219	358	4	0	0	0	0	182
0.397	124	162	111	219	358	4	0	0	0	0	182
0.398	124	162	111	219	359	4	0	0	0	0	182
0.399	124	162	111	219	360	4	0	0	0	0	182
0.4	124	162	111	219	360	4	0	0	0	0	182
0.401	124	162	111	219	360	4	0	0	0	0	182
0.402	124	162	111	219	361	4	0	0	0	0	182
0.403	124	162	111	219	362	4	0	0	0	0	182
0.404	124	162	111	219	363	4	0	0	0	0	182
0.405	124	162	111	219	364	4	0	0	0	0	182
0.406	124	162	111	219	365	4	0	0	0	0	182
0.407	124	162	111	219	365	4	0	0	0	0	182
0.408	124	162	111	219	365	4	0	0	0	0	182
0.409	124	162	111	219	365	4	0	0	0	0	182
0.41	124	162	111	219	366	4	0	0	0	0	182
0.411	124	162	111	219	366	4	0	0	0	0	182
0.412	124	162	111	219	366	4	0	0	0	0	182
0.413	124	162	111	219	367	4	0	0	0	0	182
0.414	124	162	111	219	367	4	0	0	0	0	182
0.415	124	162	111	219	368	4	0	0	0	0	182
0.416	124	162	111	219	369	4	0	0	0	0	182
0.417	124	162	111	219	369	4	0	0	0	0	182
0.418	124	162	111	219	370	4	0	0	0	0	182
0.419	124	162	111	219	371	4	0	0	0	0	182
0.42	124	162	111	219	372	4	0	0	0	0	182
0.421	124	162	111	219	376	4	0	0	0	0	182
0.422	124	162	111	219	378	4	0	0	0	0	182
0.423	124	162	111	219	378	4	0	0	0	0	182
0.424	124	162	111	219	380	4	0	0	0	0	182
0.425	124	162	111	219	381	4	0	0	0	0	182
0.426	124	162	111	219	381	4	0	0	0	0	182
0.427	124	162	111	219	383	4	0	0	0	0	182
0.428	124	162	111	219	383	4	0	0	0	0	182
0.429	124	162	111	219	383	4	0	0	0	0	182
0.43	124	162	111	219	385	4	0	0	0	0	182
0.431	124	162	111	219	386	4	0	0	0	0	182
0.432	124	162	111	219	387	4	0	0	0	0	182
0.433	124	162	111	219	387	4	0	0	0	0	182
0.434	124	162	111	219	387	4	0	0	0	0	182
0.435	124	162	111	219	388	4	0	0	0	0	182
0.436	124	162	111	219	388	4	0	0	0	0	182
0.437	124	162	111	219	388	4	0	0	0	0	182
0.438	124	162	111	219	389	4	0	0	0	0	182
0.439	124	162	111	219	392	4	0	0	0	0	182
0.44	124	162	111	219	394	4	0	0	0	0	182
0.441	124	162	111	219	394	4	0	0	0	0	182
0.442	124	162	111	219	394	4	0	0	0	0	182
0.443	124	162	111	219	394	4	0	0	0	0	182
0.444	124	162	111	219	394	4	0	0	0	0	182
0.445	124	162	111	219	394	4	0	0	0	0	182
0.446	124	162	111	219	394	4	0	0	0	0	182
0.447	124	162	111	219	394	4	0	0	0	0	182
0.448	124	162	111	219	394	4	0	0	0	0	182
0.449	124	162	111	219	394	4	0	0	0	0	182
0.45	124	162	111	219	396	4	0	0	0	0	182
0.451	124	162	111	219	396	4	0	0	0	0	182
0.452	124	162	111	219	396	4	0	0	0	0	182
0.453	124	162	111	219	397	4	0	0	0	0	182
0.454	124	162	111	219	397	4	0	0	0	0	182
0.455	124	162	111	219	398	4	0	0	0	0	182
0.456	124	162	111	219	398	4	0	0	0	0	182
0.457	124	162	111	219	398	4	0	0	0	0	182
0.458	124	162	111	219	398	4	0	0	0	0	182
0.459	124	162	111	219	401	4	0	0	0	0	182
0.46	124	162	111	219	402	4	0	0	0	0	182
0.461	124	162	111	219	402	4	0	0	0	0	182
0.462	124	162	111	219	402	4	0	0	0	0	182
0.463	124	162	111	219	402	4	0	0	0	0	182
0.464	124	162	111	219	403	4	0	0	0	0	182
0.465	124	162	111	219	404	4	0	0	0	0	182
0.466	124	162	111	219	404	4	0	0	0	0	182
0.467	124	162	111	219	405	4	0	0	0	0	182
0.468	124	162	111	219	405	4	0	0	0	0	182
0.469	124	162	111	219	405	4	0	0	0	0	182
0.47	124	162	111	219	408	4	0	0	0	0	182
0.471	124	162	111	219	408	4	0	0	0	0	182
0.472	124	162	111	219	408	4	0	0	0	0	182
0.473	124	162	111	219	408	4	0	0	0	0	182
0.474	124	162	111	219	409	4	0	0	0	0	182
0.475	124	162	111	219	409	4	0	0	0	0	182
0.476	124	162	111	219	409	4	0	0	0	0	182
0.477	124	162	111	219	409	4	0	0	0	0	182
0.478	124	162	111	219	409	4	0	0	0	0	182
0.479	124	162	111	219	409	4	0	0	0	0	182
0.48	124	162	111	219	409	4	0	0	0	0	182
0.481	124	162	111	219	409	4	0	0	0	0	182
0.482	124	162	111	219	409	4	0	0	0	0	182
0.483	124	162	111	219	410	4	0	0	0	0	182
0.484	124	162	111	219	411	4	0	0	0	0	182
0.485	124	162	111	219	411	4	0	0	0	0	182
0.486	124	162	111	219	411	4	0	0	0	0	182
0.487	124	162	111	219	412	4	0	0	0	0	182
0.488	124	162	111	219	412	4	0	0	0	0	182
0.489	124	162	111	219	412	4	0	0	0	0	182
0.49	124	162	111	219	412	4	0	0	0	0	182
0.491	124	162	111	219	413	4	0	0	0	0	182
0.492	124	162	111	219	413	4	0	0	0	0	182
0.493	124	162	111	219	413	4	0	0	0	0	182
0.494	124	162	111	219	414	4	0	0	0	0	182
0.495	124	162	111	219	417	4	0	0	0	0	182
0.496	124	162	111	219	418	4	0	0	0	0	182
0.497	124	162	111	219	418	4	0	0	0	0	182
0.498	124	162	111	219	419	4	0	0	0	0	182
0.499	124	162	111	219	419	4	0	0	0	0	182
0.5	124	162	111	219	420	4	0	0	0	0	182
0.501	124	162	111	219	421	4	0	0	0	0	182
0.502	124	162	111	219	422	4	0	0	0	0	182
0.503	124	162	111	219	422	4	0	0	0	0	182
0.504	124	162	111	219	422	4	0	0	0	0	182
0.505	124	162	111	219	422	4	0	0	0	0	182
0.506	124	162	111	219	422	4	0	0	0	0	182
0.507	124	162	111	219	422	4	0	0	0	0	182
0.508	124	162	111	219	423	4	0	0	0	0	182
0.509	124	162	111	219	423	4	0	0	0	0	182
0.51	124	162	111	219	423	4	0	0	0	0	182
0.511	124	162	111	219	424	4	0	0	0	0	182
0.512	124	162	111	219	424	4	0	0	0	0	182
0.513	124	162	111	219	424	4	0	0	0	0	182
0.514	124	162	111	219	424	4	0	0	0	0	182
0.515	124	162	111	219	424	4	0	0	0	0	182
0.516	124	162	111	219	424	4	0	0	0	0	182
0.517	124	162	111	219	424	4	0	0	0	0	182
0.518	124	162	111	219	426	4	0	0	0	0	182
0.519	124	162	111	219	426	4	0	0	0	0	182
0.52	124	162	111	219	426	4	0	0	0	0	182
0.521	124	162	111	219	426	4	0	0	0	0	182
0.522	124	162	111	219	429	4	0	0	0	0	182
0.523	124	162	111	219	430	4	0	0	0	0	182
0.524	124	162	111	219	430	4	0	0	0	0	182
0.525	124	162	111	219	431	4	0	0	0	0	182
0.526	124	162	111	219	431	4	0	0	0	0	182
0.527	124	162	111	219	431	4	0	0	0	0	182
0.528	124	162	111	219	432	4	0	0	0	0	182
0.529	124	162	111	219	432	4	0	0	0	0	182
0.53	124	162	111	219	432	4	0	0	0	0	182
0.531	124	162	111	219	433	4	0	0	0	0	182
0.532	124	162	111	219	433	4	0	0	0	0	182
0.533	124	162	111	219	433	4	0	0	0	0	182
0.534	124	162	111	219	433	4	0	0	0	0	182
0.535	124	162	111	219	435	4	0	0	0	0	182
0.536	124	162	111	219	435	4	0	0	0	0	182
0.537	124	162	111	219	435	4	0	0	0	0	182
0.538	124	162	111	219	436	4	0	0	0	0	182
0.539	124	162	111	219	437	4	0	0	0	0	182
0.54	124	162	111	219	437	4	0	0	0	0	182
0.541	124	162	111	219	437	4	0	0	0	0	182
0.542	124	162	111	219	437	4	0	0	0	0	182
0.543	124	162	111	219	437	4	0	0	0	0	182
0.544	124	162	111	219	438	4	0	0	0	0	182
0.545	124	162	111	219	440	4	0	0	0	0	182
0.546	124	162	111	219	441	4	0	0	0	0	182
0.547	124	162	111	219	441	4	0	0	0	0	182
0.548	124	162	111	219	441	4	0	0	0	0	182
0.549	124	162	111	219	441	4	0	0	0	0	182
0.55	124	162	111	219	441	4	0	0	0	0	182
0.551	124	162	111	219	441	4	0	0	0	0	182
0.552	124	162	111	219	443	4	0	0	0	0	182
0.553	124	162	111	219	444	4	0	0	0	0	182
0.554	124	162	111	219	447	4	0	0	0	0	182
0.555	124	162	111	219	447	4	0	0	0	0	182
0.556	124	162	111	219	449	4	0	0	0	0	182
0.557	124	162	111	219	449	4	0	0	0	0	182
0.558	124	162	111	219	450	4	0	0	0	0	182
0.559	124	162	111	219	450	4	0	0	0	0	182
0.56	124	162	111	219	450	4	0	0	0	0	182
0.561	124	162	111	219	451	4	0	0	0	0	182
0.562	124	162	111	219	451	4	0	0	0	0	182
0.563	124	162	111	219	451	4	0	0	0	0	182
0.564	124	162	111	219	451	4	0	0	0	0	182
0.565	124	162	111	219	451	4	0	0	0	0	182
0.566	124	162	111	219	452	4	0	0	0	0	182
0.567	124	162	111	219	452	4	0	0	0	0	182
0.568	124	162	111	219	452	4	0	0	0	0	182
0.569	124	162	111	219	452	4	0	0	0	0	182
0.57	124	162	111	219	452	4	0	0	0	0	182
0.571	124	162	111	219	452	4	0	0	0	0	182
0.572	124	162	111	219	453	4	0	0	0	0	182
0.573	124	162	111	219	453	4	0	0	0	0	182
0.574	124	162	111	219	453	4	0	0	0	0	182
0.575	124	162	111	219	453	4	0	0	0	0	182
0.576	124	162	111	219	456	4	0	0	0	0	182
0.577	124	162	111	219	456	4	0	0	0	0	182
0.578	124	162	111	219	457	4	0	0	0	0	182
0.579	124	162	111	219	457	4	0	0	0	0	182
0.58	124	162	111	219	459	4	0	0	0	0	182
0.581	124	162	111	219	459	4	0	0	0	0	182
0.582	124	162	111	219	460	4	0	0	0	0	182
0.583	124	162	111	219	460	4	0	0	0	0	182
0.584	124	162	111	219	462	4	0	0	0	0	182
0.585	124	162	111	219	463	4	0	0	0	0	182
0.586	124	162	111	219	464	4	0	0	0	0	182
0.587	124	162	111	219	464	4	0	0	0	0	182
0.588	124	162	111	219	464	4	0	0	0	0	182
0.589	124	162	111	219	464	4	0	0	0	0	182
0.59	124	162	111	219	464	4	0	0	0	0	182
0.591	124	162	111	219	464	4	0	0	0	0	182
0.592	124	162	111	219	465	4	0	0	0	0	182
0.593	124	162	111	219	465	4	0	0	0	0	182
0.594	124	162	110	219	466	4	0	0	0	0	182
0.595	124	162	110	219	467	4	0	0	0	0	182
0.596	124	162	110	219	467	4	0	0	0	0	182
0.597	124	162	110	219	467	4	0	0	0	0	182
0.598	124	162	110	219	467	4	0	0	0	0	182
0.599	124	162	110	219	467	4	0	0	0	0	182
0.6	124	162	110	219	470	4	0	0	0	0	182
0.601	124	162	110	219	470	4	0	0	0	0	182
0.602	124	162	110	219	470	4	0	0	0	0	182
0.603	124	162	110	219	472	4	0	0	0	0	182
0.604	124	162	110	219	472	4	0	0	0	0	182
0.605	124	162	110	219	473	4	0	0	0	0	182
0.606	124	162	110	219	473	4	0	0	0	0	182
0.607	124	162	110	219	473	4	0	0	0	0	182
0.608	124	162	110	219	474	4	0	0	0	0	182
0.609	124	162	110	219	474	4	0	0	0	0	182
0.61	124	162	110	219	474	4	0	0	0	0	182
0.611	124	162	110	219	474	4	0	0	0	0	182
0.612	124	162	110	219	475	4	0	0	0	0	182
0.613	124	162	110	219	475	4	0	0	0	0	182
0.614	124	162	110	219	477	4	0	0	0	0	182
0.615	124	162	110	219	478	4	0	0	0	0	182
0.616	124	162	110	219	478	4	0	0	0	0	182
0.617	124	162	110	219	478	4	0	0	0	0	182
0.618	124	162	110	219	478	4	0	0	0	0	182
0.619	124	162	110	219	479	4	0	0	0	0	182
0.62	124	162	110	219	479	4	0	0	0	0	182
0.621	124	162	110	219	481	4	0	0	0	0	182
0.622	124	162	110	219	483	4	0	0	0	0	182
0.623	124	162	110	219	483	4	0	0	0	0	182
0.624	124	162	110	219	484	4	0	0	0	0	182
0.625	124	162	110	219	484	4	0	0	0	0	182
0.626	124	162	110	219	485	4	0	0	0	0	182
0.627	124	162	110	219	485	4	0	0	0	0	182
0.628	124	162	110	219	485	4	0	0	0	0	182
0.629	124	162	110	219	485	4	0	0	0	0	182
0.63	124	162	110	219	485	4	0	0	0	0	182
0.631	124	162	110	219	485	4	0	0	0	0	182
0.632	124	162	110	219	486	4	0	0	0	0	182
0.633	124	162	110	219	487	4	0	0	0	0	182
0.634	124	162	110	219	488	4	0	0	0	0	182
0.635	124	162	110	219	488	4	0	0	0	0	182
0.636	124	162	110	219	489	4	0	0	0	0	182
0.637	124	162	110	219	492	4	0	0	0	0	182
0.638	124	162	110	219	494	4	0	0	0	0	182
0.639	124	162	110	219	495	4	0	0	0	0	182
0.64	124	162	110	219	497	4	0	0	0	0	182
0.641	124	162	110	219	498	4	0	0	0	0	182
0.642	124	162	110	219	500	4	0	0	0	0	182
0.643	124	162	110	219	500	4	0	0	0	0	182
0.644	124	162	110	219	501	4	0	0	0	0	182
0.645	124	162	110	219	502	4	0	0	0	0	182
0.646	124	162	110	219	503	4	0	0	0	0	182
0.647	124	162	110	219	503	4	0	0	0	0	182
0.648	124	162	110	219	503	4	0	0	0	0	182
0.649	124	162	110	219	503	4	0	0	0	0	182
0.65	124	162	110	219	504	4	0	0	0	0	182
0.651	124	162	110	219	505	4	0	0	0	0	182
0.652	124	162	110	219	506	4	0	0	0	0	182
0.653	124	162	110	219	506	4	0	0	0	0	182
0.654	124	162	110	219	506	4	0	0	0	0	182
0.655	124	162	110	219	506	4	0	0	0	0	182
0.656	124	162	110	219	506	4	0	0	0	0	182
0.657	124	162	110	219	506	4	0	0	0	0	182
0.658	124	162	110	219	507	4	0	0	0	0	182
0.659	124	164	114	224	507	4	0	0	0	0	183
0.66	124	164	114	224	507	4	0	0	0	0	183
0.661	124	164	114	224	508	4	0	0	0	0	183
0.662	124	164	114	224	509	4	0	0	0	0	183
0.663	124	164	114	224	509	4	0	0	0	0	183
0.664	124	164	114	224	510	4	0	0	0	0	183
0.665	124	164	114	224	512	4	0	0	0	0	183
0.666	124	164	114	224	512	4	0	0	0	0	183
0.667	124	164	114	224	512	4	0	0	0	0	183
0.668	124	164	114	224	512	4	0	0	0	0	183
0.669	124	164	114	224	514	4	0	0	0	0	183
0.67	124	164	114	224	514	4	0	0	0	0	183
0.671	124	164	114	224	517	4	0	0	0	0	183
0.672	124	164	114	224	518	4	0	0	0	0	183
0.673	124	164	114	224	518	4	0	0	0	0	183
0.674	124	164	114	224	518	4	0	0	0	0	183
0.675	124	164	114	224	518	4	0	0	0	0	183
0.676	124	164	114	224	519	4	0	0	0	0	183
0.677	124	164	114	224	519	4	0	0	0	0	183
0.678	124	164	114	224	519	4	0	0	0	0	183
0.679	124	164	114	224	519	4	0	0	0	0	183
0.68	124	164	114	224	519	4	0	0	0	0	183
0.681	124	164	114	224	519	4	0	0	0	0	183
0.682	124	164	114	224	521	4	0	0	0	0	183
0.683	124	164	114	224	521	4	0	0	0	0	183
0.684	124	164	114	224	523	4	0	0	0	0	183
0.685	124	164	114	224	523	4	0	0	0	0	183
0.686	124	164	114	224	523	4	0	0	0	0	183
0.687	124	164	114	224	524	4	0	0	0	0	183
0.688	124	164	114	224	524	4	0	0	0	0	183
0.689	124	164	114	224	524	4	0	0	0	0	183
0.69	124	164	114	224	524	4	0	0	0	0	183
0.691	124	164	114	224	524	4	0	0	0	0	183
0.692	124	164	114	224	524	4	0	0	0	0	183
0.693	124	164	114	224	525	4	0	0	0	0	183
0.694	124	164	114	224	525	4	0	0	0	0	183
0.695	124	164	114	224	525	4	0	0	0	0	183
0.696	124	164	114	224	525	4	0	0	0	0	183
0.697	124	164	114	224	527	4	0	0	0	0	183
0.698	124	164	114	224	528	4	0	0	0	0	183
0.699	124	164	114	224	531	4	0	0	0	0	183
0.7	124	164	114	224	531	4	0	0	0	0	183
0.701	124	164	114	224	532	4	0	0	0	0	183
0.702	124	164	114	224	532	4	0	0	0	0	183
0.703	124	164	114	224	532	4	0	0	0	0	183
0.704	124	164	114	224	534	4	0	0	0	0	183
0.705	124	164	114	224	534	4	0	0	0	0	183
0.706	124	164	114	224	534	4	0	0	0	0	183
0.707	124	164	114	224	534	4	0	0	0	0	183
0.708	124	164	114	224	534	4	0	0	0	0	183
0.709	124	164	114	224	534	4	0	0	0	0	183
0.71	124	164	114	224	534	4	0	0	0	0	183
0.711	124	164	114	224	534	4	0	0	0	0	183
0.712	124	164	114	224	534	4	0	0	0	0	183
0.713	124	164	114	224	534	4	0	0	0	0	183
0.714	124	164	114	224	535	4	0	0	0	0	183
0.715	124	164	114	224	535	4	0	0	0	0	183
0.716	124	164	114	224	535	4	0	0	0	0	183
0.717	124	164	114	224	535	4	0	0	0	0	183
0.718	124	164	114	224	535	4	0	0	0	0	183
0.719	124	164	114	224	535	4	0	0	0	0	183
0.72	124	164	114	224	536	4	0	0	0	0	183
0.721	124	164	114	224	536	4	0	0	0	0	183
0.722	124	164	114	224	536	4	0	0	0	0	183
0.723	124	164	114	224	539	4	0	0	0	0	183
0.724	124	164	114	224	539	4	0	0	0	0	183
0.725	124	164	114	224	540	4	0	0	0	0	183
0.726	124	164	114	224	541	4	0	0	0	0	183
0.727	124	164	114	224	541	4	0	0	0	0	183
0.728	124	166	117	228	541	4	0	0	0	0	184
0.729	124	166	117	228	541	4	0	0	0	0	184
0.73	124	166	117	228	541	4	0	0	0	0	184
0.731	124	166	117	228	541	4	0	0	0	0	184
0.732	124	166	117	228	542	4	0	0	0	0	184
0.733	124	166	117	228	542	4	0	0	0	0	184
0.734	124	166	117	228	542	4	0	0	0	0	184
0.735	124	166	117	228	542	4	0	0	0	0	184
0.736	124	166	117	228	543	4	0	0	0	0	184
0.737	124	166	117	228	544	4	0	0	0	0	184
0.738	124	166	117	228	546	4	0	0	0	0	184
0.739	124	166	117	228	547	4	0	0	0	0	184
0.74	124	166	117	228	548	4	0	0	0	0	184
0.741	124	166	117	228	549	4	0	0	0	0	184
0.742	124	166	117	228	549	4	0	0	0	0	184
0.743	124	166	117	228	551	4	0	0	0	0	184
0.744	124	166	117	228	551	4	0	0	0	0	184
0.745	124	166	117	228	551	4	0	0	0	0	184
0.746	124	166	117	228	551	4	0	0	0	0	184
0.747	124	166	117	228	552	4	0	0	0	0	184
0.748	124	166	117	228	552	4	0	0	0	0	184
0.749	124	166	117	228	553	4	0	0	0	0	184
0.75	124	166	117	228	554	4	0	0	0	0	184
0.751	124	166	117	228	554	4	0	0	0	0	184
0.752	124	166	117	228	554	4	0	0	0	0	184
0.753	124	166	117	228	554	4	0	0	0	0	184
0.754	124	166	117	228	555	4	0	0	0	0	184
0.755	124	166	117	228	555	4	0	0	0	0	184
0.756	124	166	117	228	556	4	0	0	0	0	184
0.757	124	166	117	228	556	4	0	0	0	0	184
0.758	124	166	117	228	556	4	0	0	0	0	184
0.759	124	166	117	228	558	4	0	0	0	0	184
0.76	124	166	117	228	558	4	0	0	0	0	184
0.761	124	166	117	228	559	4	0	0	0	0	184
0.762	124	166	117	228	559	4	0	0	0	0	184
0.763	124	166	117	228	559	4	0	0	0	0	184
0.764	124	166	117	228	559	4	0	0	0	0	184
0.765	124	166	117	228	560	4	0	0	0	0	184
0.766	124	166	117	228	560	4	0	0	0	0	184
0.767	124	166	117	228	560	4	0	0	0	0	184
0.768	124	166	117	228	560	4	0	0	0	0	184
0.769	124	166	117	228	562	4	0	0	0	0	184
0.77	124	166	117	228	563	4	0	0	0	0	184
0.771	124	166	117	228	563	4	0	0	0	0	184
0.772	124	166	117	228	564	4	0	0	0	0	184
0.773	124	166	117	228	564	4	0	0	0	0	184
0.774	124	166	117	228	566	4	0	0	0	0	184
0.775	124	166	117	228	566	4	0	0	0	0	184
0.776	124	166	117	228	566	4	0	0	0	0	184
0.777	124	166	117	228	566	4	0	0	0	0	184
0.778	124	166	117	228	566	4	0	0	0	0	184
0.779	124	166	117	228	567	4	0	0	0	0	184
0.78	124	166	117	228	568	4	0	0	0	0	184
0.781	124	166	117	228	569	4	0	0	0	0	184
0.782	124	166	117	228	571	4	0	0	0	0	184
0.783	124	166	117	228	572	4	0	0	0	0	184
0.784	124	166	117	228	572	4	0	0	0	0	184
0.785	124	166	117	228	572	4	0	0	0	0	184
0.786	124	166	117	228	574	4	0	0	0	0	184
0.787	124	166	117	228	574	4	0	0	0	0	184
0.788	124	166	117	228	574	4	0	0	0	0	184
0.789	124	166	117	228	575	4	0	0	0	0	184
0.79	124	166	117	228	575	4	0	0	0	0	184
0.791	124	166	117	228	575	4	0	0	0	0	184
0.792	124	166	117	228	576	4	0	0	0	0	184
0.793	124	166	117	228	576	4	0	0	0	0	184
0.794	124	166	117	228	576	4	0	0	0	0	184
0.795	124	166	117	228	577	4	0	0	0	0	184
0.796	124	166	117	228	577	4	0	0	0	0	184
0.797	124	166	117	228	577	4	0	0	0	0	184
0.798	124	166	117	228	577	4	0	0	0	0	184
0.799	124	166	117	228	577	4	0	0	0	0	184
0.8	124	166	117	228	578	4	0	0	0	0	184
0.801	124	166	117	228	578	4	0	0	0	0	184
0.802	124	166	117	228	578	4	0	0	0	0	184
0.803	124	166	117	228	578	4	0	0	0	0	184
0.804	124	166	117	228	579	4	0	0	0	0	184
0.805	124	166	117	228	579	4	0	0	0	0	184
0.806	124	166	117	228	580	4	0	0	0	0	184
0.807	124	166	117	228	581	4	0	0	0	0	184
0.808	124	166	117	228	583	4	0	0	0	0	184
0.809	124	166	117	228	584	4	0	0	0	0	184
0.81	124	166	117	228	588	4	0	0	0	0	184
0.811	124	166	117	228	589	4	0	0	0	0	184
0.812	124	166	117	228	591	4	0	0	0	0	184
0.813	124	166	117	228	593	4	0	0	0	0	184
0.814	124	166	117	228	594	4	0	0	0	0	184
0.815	124	166	117	228	594	4	0	0	0	0	184
0.816	124	166	117	228	594	4	0	0	0	0	184
0.817	124	166	117	228	596	4	0	0	0	0	184
0.818	124	166	117	228	596	4	0	0	0	0	184
0.819	124	166	117	228	596	4	0	0	0	0	184
0.82	124	166	117	228	596	4	0	0	0	0	184
0.821	124	166	117	228	596	4	0	0	0	0	184
0.822	124	166	117	228	596	4	0	0	0	0	184
0.823	124	166	117	228	596	4	0	0	0	0	184
0.824	124	166	117	228	597	4	0	0	0	0	184
0.825	124	166	117	228	597	4	0	0	0	0	184
0.826	124	166	117	228	597	4	0	0	0	0	184
0.827	124	166	117	228	597	4	0	0	0	0	184
0.828	124	166	117	228	597	4	0	0	0	0	184
0.829	124	166	117	228	597	4	0	0	0	0	184
0.83	124	166	117	228	598	4	0	0	0	0	184
0.831	124	166	117	228	598	4	0	0	0	0	184
0.832	124	166	117	228	599	4	0	0	0	0	184
0.833	124	166	117	228	601	4	0	0	0	0	184
0.834	124	166	117	228	601	4	0	0	0	0	184
0.835	124	166	117	228	601	4	0	0	0	0	184
0.836	124	166	117	228	604	4	0	0	0	0	184
0.837	124	166	117	228	604	4	0	0	0	0	184
0.838	124	166	117	228	604	4	0	0	0	0	184
0.839	124	166	117	228	604	4	0	0	0	0	184
0.84	124	166	117	228	604	4	0	0	0	0	184
0.841	124	166	117	228	604	4	0	0	0	0	184
0.842	124	166	117	228	604	4	0	0	0	0	184
0.843	124	166	117	228	604	4	0	0	0	0	184
0.844	124	166	117	228	604	4	0	0	0	0	184
0.845	124	166	117	228	604	4	0	0	0	0	184
0.846	124	166	117	228	605	4	0	0	0	0	184
0.847	124	166	117	228	608	4	0	0	0	0	184
0.848	124	166	117	228	609	4	0	0	0	0	184
0.849	124	166	117	228	609	4	0	0	0	0	184
0.85	124	166	117	228	609	4	0	0	0	0	184
0.851	124	166	117	228	609	4	0	0	0	0	184
0.852	124	166	117	228	610	4	0	0	0	0	184
0.853	124	166	117	228	610	4	0	0	0	0	184
0.854	124	166	117	228	610	4	0	0	0	0	184
0.855	124	166	117	228	610	4	0	0	0	0	184
0.856	124	166	117	228	611	4	0	0	0	0	184
0.857	124	166	117	228	611	4	0	0	0	0	184
0.858	124	166	117	228	611	4	0	0	0	0	184
0.859	124	166	117	228	611	4	0	0	0	0	184
0.86	124	166	117	228	611	4	0	0	0	0	184
0.861	124	166	117	228	611	4	0	0	0	0	184
0.862	124	166	117	228	611	4	0	0	0	0	184
0.863	124	166	117	228	611	4	0	0	0	0	184
0.864	124	166	117	228	611	4	0	0	0	0	184
0.865	124	166	117	228	611	4	0	0	0	0	184
0.866	124	166	117	228	611	4	0	0	0	0	184
0.867	124	166	117	228	611	4	0	0	0	0	184
0.868	124	166	117	228	612	4	0	0	0	0	184
0.869	124	166	117	228	612	4	0	0	0	0	184
0.87	124	166	117	228	613	4	0	0	0	0	184
0.871	124	166	117	228	613	4	0	0	0	0	184
0.872	124	166	117	228	614	4	0	0	0	0	184
0.873	124	166	117	228	614	4	0	0	0	0	184
0.874	124	166	117	228	614	4	0	0	0	0	184
0.875	124	166	117	228	615	4	0	0	0	0	184
0.876	124	166	117	228	615	4	0	0	0	0	184
0.877	124	166	117	228	615	4	0	0	0	0	184
0.878	124	166	117	228	616	4	0	0	0	0	184
0.879	124	166	117	228	618	4	0	0	0	0	184
0.88	124	166	117	228	619	4	0	0	0	0	184
0.881	124	166	117	228	620	4	0	0	0	0	184
0.882	124	166	117	228	620	4	0	0	0	0	184
0.883	124	166	117	228	620	4	0	0	0	0	184
0.884	124	166	117	228	620	4	0	0	0	0	184
0.885	124	166	117	228	620	4	0	0	0	0	184
0.886	124	166	117	228	620	4	0	0	0	0	184
0.887	124	166	117	228	620	4	0	0	0	0	184
0.888	124	166	117	228	620	4	0	0	0	0	184
0.889	124	166	117	228	621	4	0	0	0	0	184
0.89	124	166	117	228	623	4	0	0	0	0	184
0.891	124	166	117	228	624	4	0	0	0	0	184
0.892	124	166	117	228	625	4	0	0	0	0	184
0.893	124	166	117	228	627	4	0	0	0	0	184
0.894	124	166	117	228	627	4	0	0	0	0	184
0.895	124	166	117	228	627	4	0	0	0	0	184
0.896	124	166	117	228	627	4	0	0	0	0	184
0.897	124	166	117	228	627	4	0	0	0	0	184
0.898	124	166	117	228	628	4	0	0	0	0	184
0.899	124	166	117	228	629	4	0	0	0	0	184
0.9	124	166	117	228	629	4	0	0	0	0	184
0.901	124	166	117	228	631	4	0	0	0	0	184
0.902	124	166	117	228	631	4	0	0	0	0	184
0.903	124	166	117	228	631	4	0	0	0	0	184
0.904	124	166	117	228	631	4	0	0	0	0	184
0.905	124	166	117	228	632	4	0	0	0	0	184
0.906	124	166	117	228	633	4	0	0	0	0	184
0.907	124	166	117	228	633	4	0	0	0	0	184
0.908	124	166	117	228	636	4	0	0	0	0	184
0.909	124	166	117	228	636	4	0	0	0	0	184
0.91	124	166	117	228	638	4	0	0	0	0	184
0.911	124	166	117	228	639	4	0	0	0	0	184
0.912	124	166	117	228	639	4	0	0	0	0	184
0.913	124	166	117	228	639	4	0	0	0	0	184
0.914	124	166	117	228	639	4	0	0	0	0	184
0.915	124	166	117	228	639	4	0	0	0	0	184
0.916	124	166	117	228	639	4	0	0	0	0	184
0.917	124	166	117	228	639	4	0	0	0	0	184
0.918	124	166	117	228	639	4	0	0	0	0	184
0.919	124	166	117	228	643	4	0	0	0	0	184
0.92	124	166	117	228	643	4	0	0	0	0	184
0.921	124	166	117	228	643	4	0	0	0	0	184
0.922	124	166	117	228	644	4	0	0	0	0	184
0.923	124	166	117	228	644	4	0	0	0	0	184
0.924	124	166	117	228	644	4	0	0	0	0	184
0.925	124	166	117	228	644	4	0	0	0	0	184
0.926	124	166	117	228	644	4	0	0	0	0	184
0.927	124	166	117	228	644	4	0	0	0	0	184
0.928	124	166	117	228	644	4	0	0	0	0	184
0.929	124	166	117	228	644	4	0	0	0	0	184
0.93	124	166	117	228	644	4	0	0	0	0	184
0.931	124	166	117	228	644	4	0	0	0	0	184
0.932	124	166	117	228	646	4	0	0	0	0	184
0.933	124	166	117	228	646	4	0	0	0	0	184
0.934	124	166	117	228	646	4	0	0	0	0	184
0.935	124	166	117	228	646	4	0	0	0	0	184
0.936	124	166	117	228	646	4	0	0	0	0	184
0.937	124	166	117	228	646	4	0	0	0	0	184
0.938	124	166	117	228	647	4	0	0	0	0	184
0.939	124	166	117	228	647	4	0	0	0	0	184
0.94	124	166	117	228	647	4	0	0	0	0	184
0.941	124	166	117	228	647	4	0	0	0	0	184
0.942	124	166	117	228	648	4	0	0	0	0	184
0.943	124	166	117	228	648	4	0	0	0	0	184
0.944	124	166	117	228	648	4	0	0	0	0	184
0.945	124	166	117	228	649	4	0	0	0	0	184
0.946	124	166	117	228	649	4	0	0	0	0	184
0.947	124	166	117	228	649	4	0	0	0	0	184
0.948	124	166	117	228	649	4	0	0	0	0	184
0.949	124	166	117	228	650	4	0	0	0	0	184
0.95	124	166	117	228	650	4	0	0	0	0	184
0.951	124	166	117	228	650	4	0	0	0	0	184
0.952	124	166	117	228	650	4	0	0	0	0	184
0.953	124	166	117	228	650	4	0	0	0	0	184
0.954	124	166	117	228	650	4	0	0	0	0	184
0.955	124	166	117	228	650	4	0	0	0	0	184
0.956	124	166	117	228	651	4	0	0	0	0	184
0.957	124	166	117	228	656	4	0	0	0	0	184
0.958	124	165	117	227	656	4	0	0	0	0	184
0.959	124	166	117	228	657	4	0	0	0	0	184
0.96	124	166	117	228	660	4	0	0	0	0	184
0.961	124	166	117	228	661	4	0	0	0	0	184
0.962	124	166	117	228	662	4	0	0	0	0	184
0.963	124	166	117	228	662	4	0	0	0	0	184
0.964	124	166	117	228	664	4	0	0	0	0	184
0.965	124	166	117	228	666	4	0	0	0	0	184
0.966	124	166	117	228	666	4	0	0	0	0	184
0.967	124	166	117	228	666	4	0	0	0	0	184
0.968	124	166	117	228	667	4	0	0	0	0	184
0.969	124	166	117	228	667	4	0	0	0	0	184
0.97	124	166	117	228	667	4	0	0	0	0	184
0.971	124	166	117	228	667	4	0	0	0	0	184
0.972	124	166	117	228	667	4	0	0	0	0	184
0.973	124	166	117	228	668	4	0	0	0	0	184
0.974	124	166	117	228	669	4	0	0	0	0	184
0.975	124	166	117	228	670	4	0	0	0	0	184
0.976	124	166	117	228	670	4	0	0	0	0	184
0.977	124	166	117	228	672	4	0	0	0	0	184
0.978	124	166	117	228	673	4	0	0	0	0	184
0.979	124	166	117	228	673	4	0	0	0	0	184
0.98	124	166	117	228	674	4	0	0	0	0	184
0.981	124	166	117	228	677	4	0	0	0	0	184
0.982	124	166	117	228	679	4	0	0	0	0	184
0.983	124	166	117	228	680	4	0	0	0	0	184
0.984	124	166	117	228	681	4	0	0	0	0	184
0.985	124	166	117	228	683	4	0	0	0	0	184
0.986	124	166	117	228	684	4	0	0	0	0	184
0.987	124	166	117	228	685	4	0	0	0	0	184
0.988	124	166	117	228	685	4	0	0	0	0	184
0.989	124	166	117	228	685	4	0	0	0	0	184
0.99	124	166	117	228	685	4	0	0	0	0	184
0.991	124	166	117	228	685	4	0	0	0	0	184
0.992	124	166	117	228	686	4	0	0	0	0	184
0.993	124	166	117	228	686	4	0	0	0	0	184
0.994	124	166	117	228	688	4	0	0	0	0	184
0.995	124	166	117	228	688	4	0	0	0	0	184
0.996	124	166	117	228	689	4	0	0	0	0	184
0.997	124	166	117	228	689	4	0	0	0	0	184
0.998	124	166	117	228	690	4	0	0	0	0	184
0.999	124	166	117	228	691	4	0	0	0	0	184
1	124	166	117	228	693	4	0	0	0	0	184
