time: 0
transion matrix for each mol type: 
A
 0 0 0 0 0
 0 0 0 0 0
 0 0 0 0 0
 0 0 0 0 0
 0 0 0 0 0
lifetime for each mol type: 
A
size of the cluster:1

size of the cluster:2

size of the cluster:3

size of the cluster:4

size of the cluster:5

time: 0.005
transion matrix for each mol type: 
A
 465763 6 0 0 0
 136 257749 0 0 0
 37 37 138309 0 0
 19 8 19 134754 0
 0 0 0 0 0
lifetime for each mol type: 
A
size of the cluster:1
 8e-06 8e-06 1.35e-05 1.35e-05 3.85e-05 3.85e-05 4.35e-05 4.35e-05 5.25e-05 5.25e-05 5.75e-05 5.75e-05 5.9e-05 5.9e-05 6e-05 6e-05 8.8e-05 8.8e-05 8.9e-05 8.9e-05 9.6e-05 9.6e-05 9.8e-05 9.8e-05 0.0001245 0.0001245 0.0001305 0.0001305 0.000133 0.000133 0.0001425 0.0001425 0.000144 0.000144 0.0001505 0.0001575 0.0001575 0.000159 0.000159 0.0001715 0.0001715 0.0001725 0.0001725 0.000182 0.000191 0.000191 0.000204 0.000204 0.0002065 0.0002065 0.000208 0.000208 0.0002345 0.000242 0.0002545 0.0002545 0.000259 0.000259 0.0002765 0.0002765 0.000277 0.000277 0.00029 0.00029 0.000292 0.000317 0.000317 0.000323 0.000323 0.000328 0.000328 0.0003525 0.0003525 0.0003775 0.0003775 0.0003915 0.0003915 0.0004045 0.0004045 0.000405 0.000409 0.000409 0.0004195 0.000423 0.000423 0.00044 0.00044 0.000447 0.000447 0.0005165 0.0005165 0.0005275 0.0005405 0.0005505 0.0005505 0.000564 0.000564 0.000573 0.000573 0.0005765 0.0005765 0.0005795 0.0006195 0.0006195 0.0006445 0.0006445 0.000648 0.0006785 0.0007015 0.000703 0.0007105 0.000728 0.000761 0.000761 0.000776 0.000798 0.0008105 0.0008105 0.000823 0.000823 0.000826 0.0008385 0.0008425 0.000881 0.000881 0.00093 0.00093 0.000939 0.000945 0.000945 0.0009525 0.0009525 0.000976 0.000976 0.000991 0.0009945 0.000995 0.001032 0.001106 0.001106 0.001138 0.0011535 0.001221 0.001221 0.001243 0.0012525 0.0012525 0.001325 0.0013855 0.0013855 0.0013865 0.0013865 0.0013875 0.0013875 5.4e-05 0.0015615 0.0015615 0.0015825 0.0015825 0.0016515 0.001767 0.0018035 0.0018615 0.001912 0.0019425 0.001969 0.0020035 0.0020035 0.002029 0.0020905 0.002109 0.0021775 0.0022185 0.000958 0.0024215 0.0025055 5e-07 5e-07 0.002689 0.003158 0.0031655 0.0032455 0.0032455 0.003419 0.00342 0.003716 0.003716 0.003811 0.0038175 0.004128 0.004145 0.004798
size of the cluster:2
 1.75e-05 5.15e-05 9.2e-05 0.0002285 0.000346 7.2e-05 0.0002555 0.0004395 0.000416 0.000408 0.0005955 0.0002545 0.00028 0.0004515 0.0004515 0.0005215 0.0004205 0.000498 0.0009335 0.0005855 0.000987 0.000994 0.0006665 0.0011525 0.0010435 0.000212 0.0008995 0.0015345 0.0007515 0.0014475 0.001671 0.000416 0.0015075 0.0009665 0.00181 0.001401 0.000484 0.001408 0.0014765 0.001055 0.002506 0.002356 0.002594 0.002959 0.0020335 0.001814 0.0027425 0.003039
size of the cluster:3
 5e-05 0.0002375 0.000528 6.25e-05 0.000315 0.0003595 0.000206 0.0007485 0.0010635 0.001038 0.0007655 0.0014075 0.001467 0.001651 0.0005935 0.001961 0.0017675 0.000653 0.00415
size of the cluster:4

size of the cluster:5

time: 0.01
transion matrix for each mol type: 
A
 525100 8 0 0 0
 142 382546 0 0 0
 39 39 265921 0 0
 23 12 23 331059 0
 0 0 0 0 0
lifetime for each mol type: 
A
size of the cluster:1
 8e-06 8e-06 1.35e-05 1.35e-05 3.85e-05 3.85e-05 4.35e-05 4.35e-05 5.25e-05 5.25e-05 5.75e-05 5.75e-05 5.9e-05 5.9e-05 6e-05 6e-05 8.8e-05 8.8e-05 8.9e-05 8.9e-05 9.6e-05 9.6e-05 9.8e-05 9.8e-05 0.0001245 0.0001245 0.0001305 0.0001305 0.000133 0.000133 0.0001425 0.0001425 0.000144 0.000144 0.0001505 0.0001575 0.0001575 0.000159 0.000159 0.0001715 0.0001715 0.0001725 0.0001725 0.000182 0.000191 0.000191 0.000204 0.000204 0.0002065 0.0002065 0.000208 0.000208 0.0002345 0.000242 0.0002545 0.0002545 0.000259 0.000259 0.0002765 0.0002765 0.000277 0.000277 0.00029 0.00029 0.000292 0.000317 0.000317 0.000323 0.000323 0.000328 0.000328 0.0003525 0.0003525 0.0003775 0.0003775 0.0003915 0.0003915 0.0004045 0.0004045 0.000405 0.000409 0.000409 0.0004195 0.000423 0.000423 0.00044 0.00044 0.000447 0.000447 0.0005165 0.0005165 0.0005275 0.0005405 0.0005505 0.0005505 0.000564 0.000564 0.000573 0.000573 0.0005765 0.0005765 0.0005795 0.0006195 0.0006195 0.0006445 0.0006445 0.000648 0.0006785 0.0007015 0.000703 0.0007105 0.000728 0.000761 0.000761 0.000776 0.000798 0.0008105 0.0008105 0.000823 0.000823 0.000826 0.0008385 0.0008425 0.000881 0.000881 0.00093 0.00093 0.000939 0.000945 0.000945 0.0009525 0.0009525 0.000976 0.000976 0.000991 0.0009945 0.000995 0.001032 0.001106 0.001106 0.001138 0.0011535 0.001221 0.001221 0.001243 0.0012525 0.0012525 0.001325 0.0013855 0.0013855 0.0013865 0.0013865 0.0013875 0.0013875 5.4e-05 0.0015615 0.0015615 0.0015825 0.0015825 0.0016515 0.001767 0.0018035 0.0018615 0.001912 0.0019425 0.001969 0.0020035 0.0020035 0.002029 0.0020905 0.002109 0.0021775 0.0022185 0.000958 0.0024215 0.0025055 5e-07 5e-07 0.002689 0.003158 0.0031655 0.0032455 0.0032455 0.003419 0.00342 0.003716 0.003716 0.003811 0.0038175 0.004128 0.004145 0.004798 0.0050305 0.0050305 0.0050775 0.0051695 0.0040655 0.005556 0.005594 5e-07 5e-07 0.008354 0.0084575 0.0084575
size of the cluster:2
 1.75e-05 5.15e-05 9.2e-05 0.0002285 0.000346 7.2e-05 0.0002555 0.0004395 0.000416 0.000408 0.0005955 0.0002545 0.00028 0.0004515 0.0004515 0.0005215 0.0004205 0.000498 0.0009335 0.0005855 0.000987 0.000994 0.0006665 0.0011525 0.0010435 0.000212 0.0008995 0.0015345 0.0007515 0.0014475 0.001671 0.000416 0.0015075 0.0009665 0.00181 0.001401 0.000484 0.001408 0.0014765 0.001055 0.002506 0.002356 0.002594 0.002959 0.0020335 0.001814 0.0027425 0.003039 0.0048525 0.005251 0.0005435 0.005021 0.005771 0.00594 0.0059715
size of the cluster:3
 5e-05 0.0002375 0.000528 6.25e-05 0.000315 0.0003595 0.000206 0.0007485 0.0010635 0.001038 0.0007655 0.0014075 0.001467 0.001651 0.0005935 0.001961 0.0017675 0.000653 0.00415 0.004537 0.0042555 0.004106 0.0031845
size of the cluster:4

size of the cluster:5

time: 0.015
transion matrix for each mol type: 
A
 556872 8 0 0 0
 142 544021 0 0 0
 40 40 432032 0 0
 25 14 25 638925 0
 0 0 0 0 0
lifetime for each mol type: 
A
size of the cluster:1
 8e-06 8e-06 1.35e-05 1.35e-05 3.85e-05 3.85e-05 4.35e-05 4.35e-05 5.25e-05 5.25e-05 5.75e-05 5.75e-05 5.9e-05 5.9e-05 6e-05 6e-05 8.8e-05 8.8e-05 8.9e-05 8.9e-05 9.6e-05 9.6e-05 9.8e-05 9.8e-05 0.0001245 0.0001245 0.0001305 0.0001305 0.000133 0.000133 0.0001425 0.0001425 0.000144 0.000144 0.0001505 0.0001575 0.0001575 0.000159 0.000159 0.0001715 0.0001715 0.0001725 0.0001725 0.000182 0.000191 0.000191 0.000204 0.000204 0.0002065 0.0002065 0.000208 0.000208 0.0002345 0.000242 0.0002545 0.0002545 0.000259 0.000259 0.0002765 0.0002765 0.000277 0.000277 0.00029 0.00029 0.000292 0.000317 0.000317 0.000323 0.000323 0.000328 0.000328 0.0003525 0.0003525 0.0003775 0.0003775 0.0003915 0.0003915 0.0004045 0.0004045 0.000405 0.000409 0.000409 0.0004195 0.000423 0.000423 0.00044 0.00044 0.000447 0.000447 0.0005165 0.0005165 0.0005275 0.0005405 0.0005505 0.0005505 0.000564 0.000564 0.000573 0.000573 0.0005765 0.0005765 0.0005795 0.0006195 0.0006195 0.0006445 0.0006445 0.000648 0.0006785 0.0007015 0.000703 0.0007105 0.000728 0.000761 0.000761 0.000776 0.000798 0.0008105 0.0008105 0.000823 0.000823 0.000826 0.0008385 0.0008425 0.000881 0.000881 0.00093 0.00093 0.000939 0.000945 0.000945 0.0009525 0.0009525 0.000976 0.000976 0.000991 0.0009945 0.000995 0.001032 0.001106 0.001106 0.001138 0.0011535 0.001221 0.001221 0.001243 0.0012525 0.0012525 0.001325 0.0013855 0.0013855 0.0013865 0.0013865 0.0013875 0.0013875 5.4e-05 0.0015615 0.0015615 0.0015825 0.0015825 0.0016515 0.001767 0.0018035 0.0018615 0.001912 0.0019425 0.001969 0.0020035 0.0020035 0.002029 0.0020905 0.002109 0.0021775 0.0022185 0.000958 0.0024215 0.0025055 5e-07 5e-07 0.002689 0.003158 0.0031655 0.0032455 0.0032455 0.003419 0.00342 0.003716 0.003716 0.003811 0.0038175 0.004128 0.004145 0.004798 0.0050305 0.0050305 0.0050775 0.0051695 0.0040655 0.005556 0.005594 5e-07 5e-07 0.008354 0.0084575 0.0084575 0.010036 0.0105905 0.011597
size of the cluster:2
 1.75e-05 5.15e-05 9.2e-05 0.0002285 0.000346 7.2e-05 0.0002555 0.0004395 0.000416 0.000408 0.0005955 0.0002545 0.00028 0.0004515 0.0004515 0.0005215 0.0004205 0.000498 0.0009335 0.0005855 0.000987 0.000994 0.0006665 0.0011525 0.0010435 0.000212 0.0008995 0.0015345 0.0007515 0.0014475 0.001671 0.000416 0.0015075 0.0009665 0.00181 0.001401 0.000484 0.001408 0.0014765 0.001055 0.002506 0.002356 0.002594 0.002959 0.0020335 0.001814 0.0027425 0.003039 0.0048525 0.005251 0.0005435 0.005021 0.005771 0.00594 0.0059715 0.009638 0.013002 0.010376
size of the cluster:3
 5e-05 0.0002375 0.000528 6.25e-05 0.000315 0.0003595 0.000206 0.0007485 0.0010635 0.001038 0.0007655 0.0014075 0.001467 0.001651 0.0005935 0.001961 0.0017675 0.000653 0.00415 0.004537 0.0042555 0.004106 0.0031845 0.0076145 0.0098645
size of the cluster:4

size of the cluster:5

time: 0.02
transion matrix for each mol type: 
A
 569178 12 0 0 0
 146 710164 0 0 0
 40 40 616592 0 0
 25 16 25 1032936 0
 0 0 0 0 0
lifetime for each mol type: 
A
size of the cluster:1
 8e-06 8e-06 1.35e-05 1.35e-05 3.85e-05 3.85e-05 4.35e-05 4.35e-05 5.25e-05 5.25e-05 5.75e-05 5.75e-05 5.9e-05 5.9e-05 6e-05 6e-05 8.8e-05 8.8e-05 8.9e-05 8.9e-05 9.6e-05 9.6e-05 9.8e-05 9.8e-05 0.0001245 0.0001245 0.0001305 0.0001305 0.000133 0.000133 0.0001425 0.0001425 0.000144 0.000144 0.0001505 0.0001575 0.0001575 0.000159 0.000159 0.0001715 0.0001715 0.0001725 0.0001725 0.000182 0.000191 0.000191 0.000204 0.000204 0.0002065 0.0002065 0.000208 0.000208 0.0002345 0.000242 0.0002545 0.0002545 0.000259 0.000259 0.0002765 0.0002765 0.000277 0.000277 0.00029 0.00029 0.000292 0.000317 0.000317 0.000323 0.000323 0.000328 0.000328 0.0003525 0.0003525 0.0003775 0.0003775 0.0003915 0.0003915 0.0004045 0.0004045 0.000405 0.000409 0.000409 0.0004195 0.000423 0.000423 0.00044 0.00044 0.000447 0.000447 0.0005165 0.0005165 0.0005275 0.0005405 0.0005505 0.0005505 0.000564 0.000564 0.000573 0.000573 0.0005765 0.0005765 0.0005795 0.0006195 0.0006195 0.0006445 0.0006445 0.000648 0.0006785 0.0007015 0.000703 0.0007105 0.000728 0.000761 0.000761 0.000776 0.000798 0.0008105 0.0008105 0.000823 0.000823 0.000826 0.0008385 0.0008425 0.000881 0.000881 0.00093 0.00093 0.000939 0.000945 0.000945 0.0009525 0.0009525 0.000976 0.000976 0.000991 0.0009945 0.000995 0.001032 0.001106 0.001106 0.001138 0.0011535 0.001221 0.001221 0.001243 0.0012525 0.0012525 0.001325 0.0013855 0.0013855 0.0013865 0.0013865 0.0013875 0.0013875 5.4e-05 0.0015615 0.0015615 0.0015825 0.0015825 0.0016515 0.001767 0.0018035 0.0018615 0.001912 0.0019425 0.001969 0.0020035 0.0020035 0.002029 0.0020905 0.002109 0.0021775 0.0022185 0.000958 0.0024215 0.0025055 5e-07 5e-07 0.002689 0.003158 0.0031655 0.0032455 0.0032455 0.003419 0.00342 0.003716 0.003716 0.003811 0.0038175 0.004128 0.004145 0.004798 0.0050305 0.0050305 0.0050775 0.0051695 0.0040655 0.005556 0.005594 5e-07 5e-07 0.008354 0.0084575 0.0084575 0.010036 0.0105905 0.011597 5e-07 5e-07 5e-07 5e-07
size of the cluster:2
 1.75e-05 5.15e-05 9.2e-05 0.0002285 0.000346 7.2e-05 0.0002555 0.0004395 0.000416 0.000408 0.0005955 0.0002545 0.00028 0.0004515 0.0004515 0.0005215 0.0004205 0.000498 0.0009335 0.0005855 0.000987 0.000994 0.0006665 0.0011525 0.0010435 0.000212 0.0008995 0.0015345 0.0007515 0.0014475 0.001671 0.000416 0.0015075 0.0009665 0.00181 0.001401 0.000484 0.001408 0.0014765 0.001055 0.002506 0.002356 0.002594 0.002959 0.0020335 0.001814 0.0027425 0.003039 0.0048525 0.005251 0.0005435 0.005021 0.005771 0.00594 0.0059715 0.009638 0.013002 0.010376 0.0090255 0.0195935 0.0033815 0.019713
size of the cluster:3
 5e-05 0.0002375 0.000528 6.25e-05 0.000315 0.0003595 0.000206 0.0007485 0.0010635 0.001038 0.0007655 0.0014075 0.001467 0.001651 0.0005935 0.001961 0.0017675 0.000653 0.00415 0.004537 0.0042555 0.004106 0.0031845 0.0076145 0.0098645
size of the cluster:4

size of the cluster:5

time: 0.025
transion matrix for each mol type: 
A
 579311 14 0 0 0
 148 822509 0 0 0
 40 40 768572 0 0
 25 18 25 1367292 0
 0 0 0 0 0
lifetime for each mol type: 
A
size of the cluster:1
 8e-06 8e-06 1.35e-05 1.35e-05 3.85e-05 3.85e-05 4.35e-05 4.35e-05 5.25e-05 5.25e-05 5.75e-05 5.75e-05 5.9e-05 5.9e-05 6e-05 6e-05 8.8e-05 8.8e-05 8.9e-05 8.9e-05 9.6e-05 9.6e-05 9.8e-05 9.8e-05 0.0001245 0.0001245 0.0001305 0.0001305 0.000133 0.000133 0.0001425 0.0001425 0.000144 0.000144 0.0001505 0.0001575 0.0001575 0.000159 0.000159 0.0001715 0.0001715 0.0001725 0.0001725 0.000182 0.000191 0.000191 0.000204 0.000204 0.0002065 0.0002065 0.000208 0.000208 0.0002345 0.000242 0.0002545 0.0002545 0.000259 0.000259 0.0002765 0.0002765 0.000277 0.000277 0.00029 0.00029 0.000292 0.000317 0.000317 0.000323 0.000323 0.000328 0.000328 0.0003525 0.0003525 0.0003775 0.0003775 0.0003915 0.0003915 0.0004045 0.0004045 0.000405 0.000409 0.000409 0.0004195 0.000423 0.000423 0.00044 0.00044 0.000447 0.000447 0.0005165 0.0005165 0.0005275 0.0005405 0.0005505 0.0005505 0.000564 0.000564 0.000573 0.000573 0.0005765 0.0005765 0.0005795 0.0006195 0.0006195 0.0006445 0.0006445 0.000648 0.0006785 0.0007015 0.000703 0.0007105 0.000728 0.000761 0.000761 0.000776 0.000798 0.0008105 0.0008105 0.000823 0.000823 0.000826 0.0008385 0.0008425 0.000881 0.000881 0.00093 0.00093 0.000939 0.000945 0.000945 0.0009525 0.0009525 0.000976 0.000976 0.000991 0.0009945 0.000995 0.001032 0.001106 0.001106 0.001138 0.0011535 0.001221 0.001221 0.001243 0.0012525 0.0012525 0.001325 0.0013855 0.0013855 0.0013865 0.0013865 0.0013875 0.0013875 5.4e-05 0.0015615 0.0015615 0.0015825 0.0015825 0.0016515 0.001767 0.0018035 0.0018615 0.001912 0.0019425 0.001969 0.0020035 0.0020035 0.002029 0.0020905 0.002109 0.0021775 0.0022185 0.000958 0.0024215 0.0025055 5e-07 5e-07 0.002689 0.003158 0.0031655 0.0032455 0.0032455 0.003419 0.00342 0.003716 0.003716 0.003811 0.0038175 0.004128 0.004145 0.004798 0.0050305 0.0050305 0.0050775 0.0051695 0.0040655 0.005556 0.005594 5e-07 5e-07 0.008354 0.0084575 0.0084575 0.010036 0.0105905 0.011597 5e-07 5e-07 5e-07 5e-07 5e-07 5e-07
size of the cluster:2
 1.75e-05 5.15e-05 9.2e-05 0.0002285 0.000346 7.2e-05 0.0002555 0.0004395 0.000416 0.000408 0.0005955 0.0002545 0.00028 0.0004515 0.0004515 0.0005215 0.0004205 0.000498 0.0009335 0.0005855 0.000987 0.000994 0.0006665 0.0011525 0.0010435 0.000212 0.0008995 0.0015345 0.0007515 0.0014475 0.001671 0.000416 0.0015075 0.0009665 0.00181 0.001401 0.000484 0.001408 0.0014765 0.001055 0.002506 0.002356 0.002594 0.002959 0.0020335 0.001814 0.0027425 0.003039 0.0048525 0.005251 0.0005435 0.005021 0.005771 0.00594 0.0059715 0.009638 0.013002 0.010376 0.0090255 0.0195935 0.0033815 0.019713 0.0206745 0.0245625 0.016382
size of the cluster:3
 5e-05 0.0002375 0.000528 6.25e-05 0.000315 0.0003595 0.000206 0.0007485 0.0010635 0.001038 0.0007655 0.0014075 0.001467 0.001651 0.0005935 0.001961 0.0017675 0.000653 0.00415 0.004537 0.0042555 0.004106 0.0031845 0.0076145 0.0098645
size of the cluster:4

size of the cluster:5

time: 0.03
transion matrix for each mol type: 
A
 587146 14 0 0 0
 148 900857 0 0 0
 40 40 886097 0 0
 25 20 25 1633682 0
 0 0 0 0 0
lifetime for each mol type: 
A
size of the cluster:1
 8e-06 8e-06 1.35e-05 1.35e-05 3.85e-05 3.85e-05 4.35e-05 4.35e-05 5.25e-05 5.25e-05 5.75e-05 5.75e-05 5.9e-05 5.9e-05 6e-05 6e-05 8.8e-05 8.8e-05 8.9e-05 8.9e-05 9.6e-05 9.6e-05 9.8e-05 9.8e-05 0.0001245 0.0001245 0.0001305 0.0001305 0.000133 0.000133 0.0001425 0.0001425 0.000144 0.000144 0.0001505 0.0001575 0.0001575 0.000159 0.000159 0.0001715 0.0001715 0.0001725 0.0001725 0.000182 0.000191 0.000191 0.000204 0.000204 0.0002065 0.0002065 0.000208 0.000208 0.0002345 0.000242 0.0002545 0.0002545 0.000259 0.000259 0.0002765 0.0002765 0.000277 0.000277 0.00029 0.00029 0.000292 0.000317 0.000317 0.000323 0.000323 0.000328 0.000328 0.0003525 0.0003525 0.0003775 0.0003775 0.0003915 0.0003915 0.0004045 0.0004045 0.000405 0.000409 0.000409 0.0004195 0.000423 0.000423 0.00044 0.00044 0.000447 0.000447 0.0005165 0.0005165 0.0005275 0.0005405 0.0005505 0.0005505 0.000564 0.000564 0.000573 0.000573 0.0005765 0.0005765 0.0005795 0.0006195 0.0006195 0.0006445 0.0006445 0.000648 0.0006785 0.0007015 0.000703 0.0007105 0.000728 0.000761 0.000761 0.000776 0.000798 0.0008105 0.0008105 0.000823 0.000823 0.000826 0.0008385 0.0008425 0.000881 0.000881 0.00093 0.00093 0.000939 0.000945 0.000945 0.0009525 0.0009525 0.000976 0.000976 0.000991 0.0009945 0.000995 0.001032 0.001106 0.001106 0.001138 0.0011535 0.001221 0.001221 0.001243 0.0012525 0.0012525 0.001325 0.0013855 0.0013855 0.0013865 0.0013865 0.0013875 0.0013875 5.4e-05 0.0015615 0.0015615 0.0015825 0.0015825 0.0016515 0.001767 0.0018035 0.0018615 0.001912 0.0019425 0.001969 0.0020035 0.0020035 0.002029 0.0020905 0.002109 0.0021775 0.0022185 0.000958 0.0024215 0.0025055 5e-07 5e-07 0.002689 0.003158 0.0031655 0.0032455 0.0032455 0.003419 0.00342 0.003716 0.003716 0.003811 0.0038175 0.004128 0.004145 0.004798 0.0050305 0.0050305 0.0050775 0.0051695 0.0040655 0.005556 0.005594 5e-07 5e-07 0.008354 0.0084575 0.0084575 0.010036 0.0105905 0.011597 5e-07 5e-07 5e-07 5e-07 5e-07 5e-07
size of the cluster:2
 1.75e-05 5.15e-05 9.2e-05 0.0002285 0.000346 7.2e-05 0.0002555 0.0004395 0.000416 0.000408 0.0005955 0.0002545 0.00028 0.0004515 0.0004515 0.0005215 0.0004205 0.000498 0.0009335 0.0005855 0.000987 0.000994 0.0006665 0.0011525 0.0010435 0.000212 0.0008995 0.0015345 0.0007515 0.0014475 0.001671 0.000416 0.0015075 0.0009665 0.00181 0.001401 0.000484 0.001408 0.0014765 0.001055 0.002506 0.002356 0.002594 0.002959 0.0020335 0.001814 0.0027425 0.003039 0.0048525 0.005251 0.0005435 0.005021 0.005771 0.00594 0.0059715 0.009638 0.013002 0.010376 0.0090255 0.0195935 0.0033815 0.019713 0.0206745 0.0245625 0.016382 0.0282405 0.027934
size of the cluster:3
 5e-05 0.0002375 0.000528 6.25e-05 0.000315 0.0003595 0.000206 0.0007485 0.0010635 0.001038 0.0007655 0.0014075 0.001467 0.001651 0.0005935 0.001961 0.0017675 0.000653 0.00415 0.004537 0.0042555 0.004106 0.0031845 0.0076145 0.0098645
size of the cluster:4

size of the cluster:5

time: 0.035
transion matrix for each mol type: 
A
 605961 18 0 0 0
 150 958625 0 0 0
 41 41 1014002 0 0
 25 20 25 1932127 0
 0 0 0 0 0
lifetime for each mol type: 
A
size of the cluster:1
 8e-06 8e-06 1.35e-05 1.35e-05 3.85e-05 3.85e-05 4.35e-05 4.35e-05 5.25e-05 5.25e-05 5.75e-05 5.75e-05 5.9e-05 5.9e-05 6e-05 6e-05 8.8e-05 8.8e-05 8.9e-05 8.9e-05 9.6e-05 9.6e-05 9.8e-05 9.8e-05 0.0001245 0.0001245 0.0001305 0.0001305 0.000133 0.000133 0.0001425 0.0001425 0.000144 0.000144 0.0001505 0.0001575 0.0001575 0.000159 0.000159 0.0001715 0.0001715 0.0001725 0.0001725 0.000182 0.000191 0.000191 0.000204 0.000204 0.0002065 0.0002065 0.000208 0.000208 0.0002345 0.000242 0.0002545 0.0002545 0.000259 0.000259 0.0002765 0.0002765 0.000277 0.000277 0.00029 0.00029 0.000292 0.000317 0.000317 0.000323 0.000323 0.000328 0.000328 0.0003525 0.0003525 0.0003775 0.0003775 0.0003915 0.0003915 0.0004045 0.0004045 0.000405 0.000409 0.000409 0.0004195 0.000423 0.000423 0.00044 0.00044 0.000447 0.000447 0.0005165 0.0005165 0.0005275 0.0005405 0.0005505 0.0005505 0.000564 0.000564 0.000573 0.000573 0.0005765 0.0005765 0.0005795 0.0006195 0.0006195 0.0006445 0.0006445 0.000648 0.0006785 0.0007015 0.000703 0.0007105 0.000728 0.000761 0.000761 0.000776 0.000798 0.0008105 0.0008105 0.000823 0.000823 0.000826 0.0008385 0.0008425 0.000881 0.000881 0.00093 0.00093 0.000939 0.000945 0.000945 0.0009525 0.0009525 0.000976 0.000976 0.000991 0.0009945 0.000995 0.001032 0.001106 0.001106 0.001138 0.0011535 0.001221 0.001221 0.001243 0.0012525 0.0012525 0.001325 0.0013855 0.0013855 0.0013865 0.0013865 0.0013875 0.0013875 5.4e-05 0.0015615 0.0015615 0.0015825 0.0015825 0.0016515 0.001767 0.0018035 0.0018615 0.001912 0.0019425 0.001969 0.0020035 0.0020035 0.002029 0.0020905 0.002109 0.0021775 0.0022185 0.000958 0.0024215 0.0025055 5e-07 5e-07 0.002689 0.003158 0.0031655 0.0032455 0.0032455 0.003419 0.00342 0.003716 0.003716 0.003811 0.0038175 0.004128 0.004145 0.004798 0.0050305 0.0050305 0.0050775 0.0051695 0.0040655 0.005556 0.005594 5e-07 5e-07 0.008354 0.0084575 0.0084575 0.010036 0.0105905 0.011597 5e-07 5e-07 5e-07 5e-07 5e-07 5e-07 0.0001585 0.0001585 0.002335
size of the cluster:2
 1.75e-05 5.15e-05 9.2e-05 0.0002285 0.000346 7.2e-05 0.0002555 0.0004395 0.000416 0.000408 0.0005955 0.0002545 0.00028 0.0004515 0.0004515 0.0005215 0.0004205 0.000498 0.0009335 0.0005855 0.000987 0.000994 0.0006665 0.0011525 0.0010435 0.000212 0.0008995 0.0015345 0.0007515 0.0014475 0.001671 0.000416 0.0015075 0.0009665 0.00181 0.001401 0.000484 0.001408 0.0014765 0.001055 0.002506 0.002356 0.002594 0.002959 0.0020335 0.001814 0.0027425 0.003039 0.0048525 0.005251 0.0005435 0.005021 0.005771 0.00594 0.0059715 0.009638 0.013002 0.010376 0.0090255 0.0195935 0.0033815 0.019713 0.0206745 0.0245625 0.016382 0.0282405 0.027934 0.0305965 0.0286895 0.032863
size of the cluster:3
 5e-05 0.0002375 0.000528 6.25e-05 0.000315 0.0003595 0.000206 0.0007485 0.0010635 0.001038 0.0007655 0.0014075 0.001467 0.001651 0.0005935 0.001961 0.0017675 0.000653 0.00415 0.004537 0.0042555 0.004106 0.0031845 0.0076145 0.0098645
size of the cluster:4

size of the cluster:5

time: 0.04
transion matrix for each mol type: 
A
 623266 18 0 0 0
 150 1001890 0 0 0
 41 41 1161102 0 0
 26 20 26 2234982 0
 0 0 0 0 0
lifetime for each mol type: 
A
size of the cluster:1
 8e-06 8e-06 1.35e-05 1.35e-05 3.85e-05 3.85e-05 4.35e-05 4.35e-05 5.25e-05 5.25e-05 5.75e-05 5.75e-05 5.9e-05 5.9e-05 6e-05 6e-05 8.8e-05 8.8e-05 8.9e-05 8.9e-05 9.6e-05 9.6e-05 9.8e-05 9.8e-05 0.0001245 0.0001245 0.0001305 0.0001305 0.000133 0.000133 0.0001425 0.0001425 0.000144 0.000144 0.0001505 0.0001575 0.0001575 0.000159 0.000159 0.0001715 0.0001715 0.0001725 0.0001725 0.000182 0.000191 0.000191 0.000204 0.000204 0.0002065 0.0002065 0.000208 0.000208 0.0002345 0.000242 0.0002545 0.0002545 0.000259 0.000259 0.0002765 0.0002765 0.000277 0.000277 0.00029 0.00029 0.000292 0.000317 0.000317 0.000323 0.000323 0.000328 0.000328 0.0003525 0.0003525 0.0003775 0.0003775 0.0003915 0.0003915 0.0004045 0.0004045 0.000405 0.000409 0.000409 0.0004195 0.000423 0.000423 0.00044 0.00044 0.000447 0.000447 0.0005165 0.0005165 0.0005275 0.0005405 0.0005505 0.0005505 0.000564 0.000564 0.000573 0.000573 0.0005765 0.0005765 0.0005795 0.0006195 0.0006195 0.0006445 0.0006445 0.000648 0.0006785 0.0007015 0.000703 0.0007105 0.000728 0.000761 0.000761 0.000776 0.000798 0.0008105 0.0008105 0.000823 0.000823 0.000826 0.0008385 0.0008425 0.000881 0.000881 0.00093 0.00093 0.000939 0.000945 0.000945 0.0009525 0.0009525 0.000976 0.000976 0.000991 0.0009945 0.000995 0.001032 0.001106 0.001106 0.001138 0.0011535 0.001221 0.001221 0.001243 0.0012525 0.0012525 0.001325 0.0013855 0.0013855 0.0013865 0.0013865 0.0013875 0.0013875 5.4e-05 0.0015615 0.0015615 0.0015825 0.0015825 0.0016515 0.001767 0.0018035 0.0018615 0.001912 0.0019425 0.001969 0.0020035 0.0020035 0.002029 0.0020905 0.002109 0.0021775 0.0022185 0.000958 0.0024215 0.0025055 5e-07 5e-07 0.002689 0.003158 0.0031655 0.0032455 0.0032455 0.003419 0.00342 0.003716 0.003716 0.003811 0.0038175 0.004128 0.004145 0.004798 0.0050305 0.0050305 0.0050775 0.0051695 0.0040655 0.005556 0.005594 5e-07 5e-07 0.008354 0.0084575 0.0084575 0.010036 0.0105905 0.011597 5e-07 5e-07 5e-07 5e-07 5e-07 5e-07 0.0001585 0.0001585 0.002335 0.0066615
size of the cluster:2
 1.75e-05 5.15e-05 9.2e-05 0.0002285 0.000346 7.2e-05 0.0002555 0.0004395 0.000416 0.000408 0.0005955 0.0002545 0.00028 0.0004515 0.0004515 0.0005215 0.0004205 0.000498 0.0009335 0.0005855 0.000987 0.000994 0.0006665 0.0011525 0.0010435 0.000212 0.0008995 0.0015345 0.0007515 0.0014475 0.001671 0.000416 0.0015075 0.0009665 0.00181 0.001401 0.000484 0.001408 0.0014765 0.001055 0.002506 0.002356 0.002594 0.002959 0.0020335 0.001814 0.0027425 0.003039 0.0048525 0.005251 0.0005435 0.005021 0.005771 0.00594 0.0059715 0.009638 0.013002 0.010376 0.0090255 0.0195935 0.0033815 0.019713 0.0206745 0.0245625 0.016382 0.0282405 0.027934 0.0305965 0.0286895 0.032863
size of the cluster:3
 5e-05 0.0002375 0.000528 6.25e-05 0.000315 0.0003595 0.000206 0.0007485 0.0010635 0.001038 0.0007655 0.0014075 0.001467 0.001651 0.0005935 0.001961 0.0017675 0.000653 0.00415 0.004537 0.0042555 0.004106 0.0031845 0.0076145 0.0098645 0.035378
size of the cluster:4

size of the cluster:5

time: 0.045
transion matrix for each mol type: 
A
 634411 20 0 0 0
 152 1057608 0 0 0
 41 41 1328262 0 0
 26 20 26 2636166 0
 0 0 0 0 0
lifetime for each mol type: 
A
size of the cluster:1
 8e-06 8e-06 1.35e-05 1.35e-05 3.85e-05 3.85e-05 4.35e-05 4.35e-05 5.25e-05 5.25e-05 5.75e-05 5.75e-05 5.9e-05 5.9e-05 6e-05 6e-05 8.8e-05 8.8e-05 8.9e-05 8.9e-05 9.6e-05 9.6e-05 9.8e-05 9.8e-05 0.0001245 0.0001245 0.0001305 0.0001305 0.000133 0.000133 0.0001425 0.0001425 0.000144 0.000144 0.0001505 0.0001575 0.0001575 0.000159 0.000159 0.0001715 0.0001715 0.0001725 0.0001725 0.000182 0.000191 0.000191 0.000204 0.000204 0.0002065 0.0002065 0.000208 0.000208 0.0002345 0.000242 0.0002545 0.0002545 0.000259 0.000259 0.0002765 0.0002765 0.000277 0.000277 0.00029 0.00029 0.000292 0.000317 0.000317 0.000323 0.000323 0.000328 0.000328 0.0003525 0.0003525 0.0003775 0.0003775 0.0003915 0.0003915 0.0004045 0.0004045 0.000405 0.000409 0.000409 0.0004195 0.000423 0.000423 0.00044 0.00044 0.000447 0.000447 0.0005165 0.0005165 0.0005275 0.0005405 0.0005505 0.0005505 0.000564 0.000564 0.000573 0.000573 0.0005765 0.0005765 0.0005795 0.0006195 0.0006195 0.0006445 0.0006445 0.000648 0.0006785 0.0007015 0.000703 0.0007105 0.000728 0.000761 0.000761 0.000776 0.000798 0.0008105 0.0008105 0.000823 0.000823 0.000826 0.0008385 0.0008425 0.000881 0.000881 0.00093 0.00093 0.000939 0.000945 0.000945 0.0009525 0.0009525 0.000976 0.000976 0.000991 0.0009945 0.000995 0.001032 0.001106 0.001106 0.001138 0.0011535 0.001221 0.001221 0.001243 0.0012525 0.0012525 0.001325 0.0013855 0.0013855 0.0013865 0.0013865 0.0013875 0.0013875 5.4e-05 0.0015615 0.0015615 0.0015825 0.0015825 0.0016515 0.001767 0.0018035 0.0018615 0.001912 0.0019425 0.001969 0.0020035 0.0020035 0.002029 0.0020905 0.002109 0.0021775 0.0022185 0.000958 0.0024215 0.0025055 5e-07 5e-07 0.002689 0.003158 0.0031655 0.0032455 0.0032455 0.003419 0.00342 0.003716 0.003716 0.003811 0.0038175 0.004128 0.004145 0.004798 0.0050305 0.0050305 0.0050775 0.0051695 0.0040655 0.005556 0.005594 5e-07 5e-07 0.008354 0.0084575 0.0084575 0.010036 0.0105905 0.011597 5e-07 5e-07 5e-07 5e-07 5e-07 5e-07 0.0001585 0.0001585 0.002335 0.0066615 5e-07 5e-07
size of the cluster:2
 1.75e-05 5.15e-05 9.2e-05 0.0002285 0.000346 7.2e-05 0.0002555 0.0004395 0.000416 0.000408 0.0005955 0.0002545 0.00028 0.0004515 0.0004515 0.0005215 0.0004205 0.000498 0.0009335 0.0005855 0.000987 0.000994 0.0006665 0.0011525 0.0010435 0.000212 0.0008995 0.0015345 0.0007515 0.0014475 0.001671 0.000416 0.0015075 0.0009665 0.00181 0.001401 0.000484 0.001408 0.0014765 0.001055 0.002506 0.002356 0.002594 0.002959 0.0020335 0.001814 0.0027425 0.003039 0.0048525 0.005251 0.0005435 0.005021 0.005771 0.00594 0.0059715 0.009638 0.013002 0.010376 0.0090255 0.0195935 0.0033815 0.019713 0.0206745 0.0245625 0.016382 0.0282405 0.027934 0.0305965 0.0286895 0.032863 0.0427275
size of the cluster:3
 5e-05 0.0002375 0.000528 6.25e-05 0.000315 0.0003595 0.000206 0.0007485 0.0010635 0.001038 0.0007655 0.0014075 0.001467 0.001651 0.0005935 0.001961 0.0017675 0.000653 0.00415 0.004537 0.0042555 0.004106 0.0031845 0.0076145 0.0098645 0.035378
size of the cluster:4

size of the cluster:5

time: 0.0499995
transion matrix for each mol type: 
A
 646818 20 0 0 0
 152 1132055 0 0 0
 42 42 1514382 0 0
 26 20 26 3082854 0
 0 0 0 0 0
lifetime for each mol type: 
A
size of the cluster:1
 8e-06 8e-06 1.35e-05 1.35e-05 3.85e-05 3.85e-05 4.35e-05 4.35e-05 5.25e-05 5.25e-05 5.75e-05 5.75e-05 5.9e-05 5.9e-05 6e-05 6e-05 8.8e-05 8.8e-05 8.9e-05 8.9e-05 9.6e-05 9.6e-05 9.8e-05 9.8e-05 0.0001245 0.0001245 0.0001305 0.0001305 0.000133 0.000133 0.0001425 0.0001425 0.000144 0.000144 0.0001505 0.0001575 0.0001575 0.000159 0.000159 0.0001715 0.0001715 0.0001725 0.0001725 0.000182 0.000191 0.000191 0.000204 0.000204 0.0002065 0.0002065 0.000208 0.000208 0.0002345 0.000242 0.0002545 0.0002545 0.000259 0.000259 0.0002765 0.0002765 0.000277 0.000277 0.00029 0.00029 0.000292 0.000317 0.000317 0.000323 0.000323 0.000328 0.000328 0.0003525 0.0003525 0.0003775 0.0003775 0.0003915 0.0003915 0.0004045 0.0004045 0.000405 0.000409 0.000409 0.0004195 0.000423 0.000423 0.00044 0.00044 0.000447 0.000447 0.0005165 0.0005165 0.0005275 0.0005405 0.0005505 0.0005505 0.000564 0.000564 0.000573 0.000573 0.0005765 0.0005765 0.0005795 0.0006195 0.0006195 0.0006445 0.0006445 0.000648 0.0006785 0.0007015 0.000703 0.0007105 0.000728 0.000761 0.000761 0.000776 0.000798 0.0008105 0.0008105 0.000823 0.000823 0.000826 0.0008385 0.0008425 0.000881 0.000881 0.00093 0.00093 0.000939 0.000945 0.000945 0.0009525 0.0009525 0.000976 0.000976 0.000991 0.0009945 0.000995 0.001032 0.001106 0.001106 0.001138 0.0011535 0.001221 0.001221 0.001243 0.0012525 0.0012525 0.001325 0.0013855 0.0013855 0.0013865 0.0013865 0.0013875 0.0013875 5.4e-05 0.0015615 0.0015615 0.0015825 0.0015825 0.0016515 0.001767 0.0018035 0.0018615 0.001912 0.0019425 0.001969 0.0020035 0.0020035 0.002029 0.0020905 0.002109 0.0021775 0.0022185 0.000958 0.0024215 0.0025055 5e-07 5e-07 0.002689 0.003158 0.0031655 0.0032455 0.0032455 0.003419 0.00342 0.003716 0.003716 0.003811 0.0038175 0.004128 0.004145 0.004798 0.0050305 0.0050305 0.0050775 0.0051695 0.0040655 0.005556 0.005594 5e-07 5e-07 0.008354 0.0084575 0.0084575 0.010036 0.0105905 0.011597 5e-07 5e-07 5e-07 5e-07 5e-07 5e-07 0.0001585 0.0001585 0.002335 0.0066615 5e-07 5e-07 0.049123
size of the cluster:2
 1.75e-05 5.15e-05 9.2e-05 0.0002285 0.000346 7.2e-05 0.0002555 0.0004395 0.000416 0.000408 0.0005955 0.0002545 0.00028 0.0004515 0.0004515 0.0005215 0.0004205 0.000498 0.0009335 0.0005855 0.000987 0.000994 0.0006665 0.0011525 0.0010435 0.000212 0.0008995 0.0015345 0.0007515 0.0014475 0.001671 0.000416 0.0015075 0.0009665 0.00181 0.001401 0.000484 0.001408 0.0014765 0.001055 0.002506 0.002356 0.002594 0.002959 0.0020335 0.001814 0.0027425 0.003039 0.0048525 0.005251 0.0005435 0.005021 0.005771 0.00594 0.0059715 0.009638 0.013002 0.010376 0.0090255 0.0195935 0.0033815 0.019713 0.0206745 0.0245625 0.016382 0.0282405 0.027934 0.0305965 0.0286895 0.032863 0.0427275 0.024732
size of the cluster:3
 5e-05 0.0002375 0.000528 6.25e-05 0.000315 0.0003595 0.000206 0.0007485 0.0010635 0.001038 0.0007655 0.0014075 0.001467 0.001651 0.0005935 0.001961 0.0017675 0.000653 0.00415 0.004537 0.0042555 0.004106 0.0031845 0.0076145 0.0098645 0.035378
size of the cluster:4

size of the cluster:5

