TIME(s)	'A,A'	'A,B'	'B,B'	Nloops	nOverlapPartner	nOverlapSystem	nOverlapSpanBox	nDisplace2D	nDisplace3D	nDisplace3Dto2D	nAssocSuccess
0	0	0	0	0	0	0	0	0	0	0	0
0.001	7	4	4	0	0	0	0	0	0	0	15
0.002	10	17	17	11	0	0	0	0	0	0	33
0.003	12	27	26	20	0	0	0	0	0	0	45
0.004	14	37	32	30	0	0	0	0	0	0	53
0.005	17	40	40	37	0	0	0	0	0	0	60
0.006	20	43	44	42	0	0	0	0	0	0	65
0.007	23	49	47	45	0	0	0	0	0	0	74
0.008	24	55	47	47	0	0	0	0	0	0	79
0.009	26	57	49	48	0	0	0	0	0	0	84
0.01	29	61	49	51	0	0	0	0	0	0	88
0.011	34	61	52	54	2	0	0	0	0	0	93
0.012	43	65	54	63	2	0	0	0	0	0	99
0.013	45	67	59	68	2	0	0	0	0	0	103
0.014	47	69	65	74	3	0	0	0	0	0	107
0.015	49	75	71	84	3	0	0	0	0	0	111
0.016	54	77	74	86	5	0	0	0	0	0	119
0.017	56	78	75	87	7	0	0	0	0	0	122
0.018	61	82	75	92	8	0	0	0	0	0	126
0.019	63	84	76	95	9	0	0	0	0	0	128
0.02	68	90	78	105	14	0	0	0	0	0	131
0.021	70	93	79	108	16	0	0	0	0	0	134
0.022	70	94	80	108	19	0	0	0	0	0	136
0.023	71	94	79	108	20	0	0	0	0	0	137
0.024	71	95	79	108	25	0	0	0	0	0	139
0.025	71	96	80	108	27	1	0	0	0	0	141
0.026	75	100	81	114	30	1	0	0	0	0	144
0.027	82	104	88	128	33	1	0	0	0	0	148
0.028	84	112	90	138	33	1	0	0	0	0	150
0.029	87	111	95	144	34	1	0	0	0	0	152
0.03	95	112	96	151	35	1	0	0	0	0	155
0.031	95	112	96	151	36	1	0	0	0	0	155
0.032	98	115	97	156	36	1	0	0	0	0	157
0.033	98	115	97	156	36	1	0	0	0	0	157
0.034	102	120	99	164	36	1	0	0	0	0	160
0.035	106	121	100	168	38	1	0	0	0	0	162
0.036	106	125	101	172	39	1	0	0	0	0	163
0.037	109	128	102	177	40	1	0	0	0	0	165
0.038	109	128	102	177	41	1	0	0	0	0	165
0.039	112	130	104	181	41	1	0	0	0	0	168
0.04	112	130	104	181	42	1	0	0	0	0	168
0.041	112	130	104	181	42	1	0	0	0	0	168
0.042	112	130	104	181	43	1	0	0	0	0	168
0.043	112	130	104	181	45	1	0	0	0	0	168
0.044	112	130	104	181	47	1	0	0	0	0	168
0.045	112	131	108	185	49	1	0	0	0	0	169
0.046	112	131	108	185	50	1	0	0	0	0	169
0.047	112	131	108	185	50	1	0	0	0	0	169
0.048	112	131	108	185	52	1	0	0	0	0	169
0.049	112	131	108	185	52	1	0	0	0	0	169
0.05	112	132	108	185	53	1	0	0	0	0	170
0.051	112	135	109	188	53	1	0	0	0	0	171
0.052	112	135	109	188	53	1	0	0	0	0	171
0.053	114	136	109	190	54	1	0	0	0	0	172
0.054	114	136	109	190	54	1	0	0	0	0	172
0.055	117	136	109	192	54	1	0	0	0	0	173
0.056	117	136	109	192	56	1	0	0	0	0	173
0.057	117	136	109	192	57	1	0	0	0	0	173
0.058	117	136	109	192	58	1	0	0	0	0	173
0.059	117	136	109	192	58	1	0	0	0	0	173
0.06	117	136	109	192	61	1	0	0	0	0	173
0.061	117	136	109	192	61	1	0	0	0	0	173
0.062	117	136	109	192	61	1	0	0	0	0	173
0.063	117	136	109	192	61	1	0	0	0	0	173
0.064	117	136	109	192	62	1	0	0	0	0	173
0.065	117	136	109	192	62	1	0	0	0	0	173
0.066	117	136	109	192	63	1	0	0	0	0	173
0.067	117	136	109	192	63	1	0	0	0	0	173
0.068	117	136	109	192	63	1	0	0	0	0	173
0.069	117	136	109	192	63	1	0	0	0	0	173
0.07	119	136	109	193	63	1	0	0	0	0	174
0.071	119	136	109	193	65	1	0	0	0	0	174
0.072	119	136	109	193	66	1	0	0	0	0	174
0.073	119	136	109	193	67	1	0	0	0	0	174
0.074	119	136	109	193	68	1	0	0	0	0	174
0.075	119	136	109	193	69	1	0	0	0	0	174
0.076	119	136	109	193	70	1	0	0	0	0	174
0.077	119	136	109	193	71	1	0	0	0	0	174
0.078	119	135	109	192	71	1	0	0	0	0	174
0.079	119	136	109	193	71	1	0	0	0	0	174
0.08	119	136	109	193	71	1	0	0	0	0	174
0.081	119	136	109	193	72	1	0	0	0	0	174
0.082	119	136	109	193	73	1	0	0	0	0	174
0.083	119	136	109	193	74	1	0	0	0	0	174
0.084	119	136	109	193	74	1	0	0	0	0	174
0.085	121	136	109	194	75	1	0	0	0	0	175
0.086	121	136	109	194	77	1	0	0	0	0	175
0.087	121	136	109	194	77	1	0	0	0	0	175
0.088	121	136	109	194	78	1	0	0	0	0	175
0.089	121	143	111	202	78	1	0	0	0	0	176
0.09	121	143	111	202	79	1	0	0	0	0	176
0.091	121	143	111	202	79	1	0	0	0	0	176
0.092	121	143	111	202	81	1	0	0	0	0	176
0.093	121	143	111	202	82	1	0	0	0	0	176
0.094	121	143	111	202	82	1	0	0	0	0	176
0.095	121	143	111	202	83	1	0	0	0	0	176
0.096	121	143	111	202	83	1	0	0	0	0	176
0.097	121	143	111	202	84	1	0	0	0	0	176
0.098	121	143	111	202	84	1	0	0	0	0	176
0.099	121	143	110	202	85	1	0	0	0	0	176
0.1	121	143	110	202	86	1	0	0	0	0	176
0.101	121	143	110	202	87	1	0	0	0	0	176
0.102	121	143	110	202	88	1	0	0	0	0	176
0.103	122	147	110	206	89	1	0	0	0	0	177
0.104	122	147	110	206	90	1	0	0	0	0	177
0.105	122	147	110	206	90	1	0	0	0	0	177
0.106	122	147	110	206	90	1	0	0	0	0	177
0.107	122	147	110	206	91	1	0	0	0	0	177
0.108	122	147	110	206	91	1	0	0	0	0	177
0.109	122	147	110	206	91	1	0	0	0	0	177
0.11	122	147	110	206	92	1	0	0	0	0	177
0.111	122	147	110	206	92	1	0	0	0	0	177
0.112	122	147	110	206	94	1	0	0	0	0	177
0.113	122	147	113	208	95	1	0	0	0	0	178
0.114	122	147	113	208	96	1	0	0	0	0	178
0.115	122	147	113	208	96	1	0	0	0	0	178
0.116	122	147	113	208	96	1	0	0	0	0	178
0.117	122	147	113	208	96	1	0	0	0	0	178
0.118	122	147	113	208	96	1	0	0	0	0	178
0.119	126	148	113	212	97	1	0	0	0	0	179
0.12	126	148	113	212	97	1	0	0	0	0	179
0.121	126	148	113	212	97	1	0	0	0	0	179
0.122	126	148	113	212	97	1	0	0	0	0	179
0.123	126	148	113	212	97	1	0	0	0	0	179
0.124	127	152	113	216	98	1	0	0	0	0	180
0.125	127	152	113	216	98	1	0	0	0	0	180
0.126	127	152	113	216	99	1	0	0	0	0	180
0.127	127	152	113	216	99	1	0	0	0	0	180
0.128	127	152	113	216	99	1	0	0	0	0	180
0.129	127	152	113	216	100	1	0	0	0	0	180
0.13	127	152	113	216	100	1	0	0	0	0	180
0.131	129	157	113	222	100	1	0	0	0	0	181
0.132	129	157	113	222	100	1	0	0	0	0	181
0.133	129	157	113	222	100	1	0	0	0	0	181
0.134	129	157	113	222	100	1	0	0	0	0	181
0.135	129	157	113	222	102	1	0	0	0	0	181
0.136	129	157	113	222	102	1	0	0	0	0	181
0.137	129	157	113	222	102	1	0	0	0	0	181
0.138	129	157	113	222	102	1	0	0	0	0	181
0.139	129	157	113	222	104	1	0	0	0	0	181
0.14	129	157	113	222	104	1	0	0	0	0	181
0.141	129	157	113	222	105	1	0	0	0	0	181
0.142	129	157	113	222	107	1	0	0	0	0	181
0.143	129	157	113	222	108	1	0	0	0	0	181
0.144	129	157	113	222	110	1	0	0	0	0	181
0.145	129	157	113	222	110	1	0	0	0	0	181
0.146	129	157	113	222	111	1	0	0	0	0	181
0.147	129	157	113	222	111	1	0	0	0	0	181
0.148	129	157	113	222	111	1	0	0	0	0	181
0.149	129	157	113	222	111	1	0	0	0	0	181
0.15	129	157	113	222	111	1	0	0	0	0	181
0.151	129	157	113	222	112	1	0	0	0	0	181
0.152	129	157	113	222	112	1	0	0	0	0	181
0.153	129	157	113	222	112	1	0	0	0	0	181
0.154	129	157	113	222	112	1	0	0	0	0	181
0.155	129	157	113	222	112	1	0	0	0	0	181
0.156	129	157	113	222	112	1	0	0	0	0	181
0.157	129	157	113	222	113	1	0	0	0	0	181
0.158	129	157	113	222	113	1	0	0	0	0	181
0.159	129	157	113	222	113	1	0	0	0	0	181
0.16	129	157	113	222	114	1	0	0	0	0	181
0.161	129	157	113	222	114	1	0	0	0	0	181
0.162	129	157	113	222	114	1	0	0	0	0	181
0.163	129	157	113	222	115	1	0	0	0	0	181
0.164	129	157	113	222	116	1	0	0	0	0	181
0.165	129	157	113	222	116	1	0	0	0	0	181
0.166	129	157	113	222	117	1	0	0	0	0	181
0.167	129	157	113	222	118	1	0	0	0	0	181
0.168	129	157	113	222	118	1	0	0	0	0	181
0.169	129	157	113	222	119	1	0	0	0	0	181
0.17	129	157	113	222	120	1	0	0	0	0	181
0.171	129	157	113	222	124	1	0	0	0	0	181
0.172	129	157	113	222	127	1	0	0	0	0	181
0.173	129	157	113	222	129	1	0	0	0	0	181
0.174	129	157	113	222	131	1	0	0	0	0	181
0.175	129	157	113	222	131	1	0	0	0	0	181
0.176	129	157	113	222	132	1	0	0	0	0	181
0.177	129	157	113	222	132	1	0	0	0	0	181
0.178	129	157	113	222	132	1	0	0	0	0	181
0.179	129	157	113	222	132	1	0	0	0	0	181
0.18	129	157	113	222	132	1	0	0	0	0	181
0.181	129	157	113	222	132	1	0	0	0	0	181
0.182	129	157	113	222	132	1	0	0	0	0	181
0.183	129	157	113	222	132	1	0	0	0	0	181
0.184	129	157	113	222	132	1	0	0	0	0	181
0.185	129	157	113	222	132	1	0	0	0	0	181
0.186	129	157	113	222	132	1	0	0	0	0	181
0.187	129	157	113	222	132	1	0	0	0	0	181
0.188	129	157	113	222	132	1	0	0	0	0	181
0.189	129	157	113	222	133	1	0	0	0	0	181
0.19	129	157	113	222	133	1	0	0	0	0	181
0.191	129	157	113	222	133	1	0	0	0	0	181
0.192	129	157	113	222	133	1	0	0	0	0	181
0.193	129	157	113	222	133	1	0	0	0	0	181
0.194	129	157	113	222	133	1	0	0	0	0	181
0.195	129	157	113	222	134	1	0	0	0	0	181
0.196	129	157	113	222	134	1	0	0	0	0	181
0.197	129	157	113	222	135	1	0	0	0	0	181
0.198	129	157	113	222	136	1	0	0	0	0	181
0.199	129	157	113	222	137	1	0	0	0	0	181
0.2	129	157	113	222	138	1	0	0	0	0	181
0.201	129	157	113	222	138	1	0	0	0	0	181
0.202	129	157	113	222	138	1	0	0	0	0	181
0.203	129	157	113	222	138	1	0	0	0	0	181
0.204	129	157	113	222	138	1	0	0	0	0	181
0.205	129	157	113	222	138	1	0	0	0	0	181
0.206	129	157	113	222	138	1	0	0	0	0	181
0.207	129	157	113	222	138	1	0	0	0	0	181
0.208	129	157	113	222	138	1	0	0	0	0	181
0.209	129	157	113	222	138	1	0	0	0	0	181
0.21	129	157	113	222	138	1	0	0	0	0	181
0.211	129	157	113	222	138	1	0	0	0	0	181
0.212	129	157	113	222	138	1	0	0	0	0	181
0.213	129	157	113	222	138	1	0	0	0	0	181
0.214	129	157	113	222	138	1	0	0	0	0	181
0.215	129	157	112	222	139	1	0	0	0	0	181
0.216	129	157	112	222	139	1	0	0	0	0	181
0.217	129	157	112	222	140	1	0	0	0	0	181
0.218	129	157	112	222	141	1	0	0	0	0	181
0.219	129	157	112	222	142	1	0	0	0	0	181
0.22	129	157	112	222	142	1	0	0	0	0	181
0.221	129	157	112	222	143	1	0	0	0	0	181
0.222	129	157	112	222	143	1	0	0	0	0	181
0.223	129	157	112	222	143	1	0	0	0	0	181
0.224	129	157	112	222	143	1	0	0	0	0	181
0.225	129	157	112	222	144	1	0	0	0	0	181
0.226	129	157	112	222	144	1	0	0	0	0	181
0.227	129	157	112	222	144	1	0	0	0	0	181
0.228	129	157	112	222	144	1	0	0	0	0	181
0.229	129	157	112	222	144	1	0	0	0	0	181
0.23	129	157	112	222	145	1	0	0	0	0	181
0.231	129	157	112	222	145	1	0	0	0	0	181
0.232	129	157	112	222	148	1	0	0	0	0	181
0.233	129	157	112	222	149	1	0	0	0	0	181
0.234	129	157	112	222	150	1	0	0	0	0	181
0.235	129	157	112	222	151	1	0	0	0	0	181
0.236	129	157	112	222	151	1	0	0	0	0	181
0.237	129	159	113	224	151	1	0	0	0	0	182
0.238	129	159	113	224	152	1	0	0	0	0	182
0.239	129	159	113	224	152	1	0	0	0	0	182
0.24	129	159	113	224	152	1	0	0	0	0	182
0.241	129	159	113	224	153	1	0	0	0	0	182
0.242	129	159	113	224	153	1	0	0	0	0	182
0.243	129	159	113	224	153	1	0	0	0	0	182
0.244	129	159	113	224	153	1	0	0	0	0	182
0.245	129	159	113	224	155	1	0	0	0	0	182
0.246	129	159	113	224	157	1	0	0	0	0	182
0.247	129	159	113	224	157	1	0	0	0	0	182
0.248	129	159	113	224	157	1	0	0	0	0	182
0.249	129	159	113	224	157	1	0	0	0	0	182
0.25	129	159	113	224	158	1	0	0	0	0	182
0.251	129	159	113	224	159	1	0	0	0	0	182
0.252	129	159	113	224	159	1	0	0	0	0	182
0.253	129	159	113	224	159	1	0	0	0	0	182
0.254	129	159	113	224	161	1	0	0	0	0	182
0.255	129	159	113	224	161	1	0	0	0	0	182
0.256	129	159	113	224	162	1	0	0	0	0	182
0.257	129	159	113	224	163	1	0	0	0	0	182
0.258	129	159	113	224	163	1	0	0	0	0	182
0.259	129	159	113	224	163	1	0	0	0	0	182
0.26	129	159	113	224	164	1	0	0	0	0	182
0.261	129	159	113	224	165	1	0	0	0	0	182
0.262	129	159	113	224	165	1	0	0	0	0	182
0.263	130	161	115	228	165	1	0	0	0	0	183
0.264	130	161	113	228	167	1	0	0	0	0	183
0.265	130	161	113	228	167	1	0	0	0	0	183
0.266	130	161	113	228	169	1	0	0	0	0	183
0.267	130	161	113	228	169	1	0	0	0	0	183
0.268	130	161	113	228	169	1	0	0	0	0	183
0.269	130	161	113	228	169	1	0	0	0	0	183
0.27	130	161	113	228	170	1	0	0	0	0	183
0.271	130	161	113	228	170	1	0	0	0	0	183
0.272	130	161	113	228	170	1	0	0	0	0	183
0.273	130	161	113	228	170	1	0	0	0	0	183
0.274	130	161	113	228	170	1	0	0	0	0	183
0.275	130	162	116	231	170	1	0	0	0	0	184
0.276	130	162	116	231	170	1	0	0	0	0	184
0.277	130	162	116	231	170	1	0	0	0	0	184
0.278	130	162	116	231	170	1	0	0	0	0	184
0.279	130	162	116	231	173	1	0	0	0	0	184
0.28	130	162	116	231	173	1	0	0	0	0	184
0.281	130	162	116	231	173	1	0	0	0	0	184
0.282	130	162	116	231	173	1	0	0	0	0	184
0.283	130	162	116	231	174	1	0	0	0	0	184
0.284	130	162	116	231	174	1	0	0	0	0	184
0.285	130	162	116	231	174	1	0	0	0	0	184
0.286	130	162	116	231	175	1	0	0	0	0	184
0.287	130	162	116	231	175	1	0	0	0	0	184
0.288	130	162	116	231	176	1	0	0	0	0	184
0.289	130	162	116	231	177	1	0	0	0	0	184
0.29	130	162	116	231	178	1	0	0	0	0	184
0.291	130	163	119	234	178	1	0	0	0	0	185
0.292	130	163	119	234	178	1	0	0	0	0	185
0.293	130	163	119	234	179	1	0	0	0	0	185
0.294	130	163	119	234	179	1	0	0	0	0	185
0.295	130	163	119	234	179	1	0	0	0	0	185
0.296	130	163	119	234	180	1	0	0	0	0	185
0.297	130	163	119	234	181	1	0	0	0	0	185
0.298	130	163	119	234	182	1	0	0	0	0	185
0.299	130	164	122	237	182	1	0	0	0	0	186
0.3	130	164	122	237	182	1	0	0	0	0	186
0.301	130	164	122	237	183	1	0	0	0	0	186
0.302	130	164	122	237	183	1	0	0	0	0	186
0.303	130	164	122	237	183	1	0	0	0	0	186
0.304	130	164	122	237	183	1	0	0	0	0	186
0.305	130	164	122	237	184	1	0	0	0	0	186
0.306	130	164	122	237	184	1	0	0	0	0	186
0.307	130	164	122	237	184	1	0	0	0	0	186
0.308	130	164	122	237	185	1	0	0	0	0	186
0.309	130	164	122	237	186	1	0	0	0	0	186
0.31	130	164	122	237	187	1	0	0	0	0	186
0.311	130	164	122	237	188	1	0	0	0	0	186
0.312	130	164	122	237	189	1	0	0	0	0	186
0.313	130	164	122	237	189	1	0	0	0	0	186
0.314	130	164	122	237	189	1	0	0	0	0	186
0.315	130	164	122	237	189	1	0	0	0	0	186
0.316	130	164	122	237	189	1	0	0	0	0	186
0.317	130	164	122	237	190	1	0	0	0	0	186
0.318	130	164	122	237	190	1	0	0	0	0	186
0.319	130	164	122	237	190	1	0	0	0	0	186
0.32	130	164	122	237	190	1	0	0	0	0	186
0.321	130	164	122	237	190	1	0	0	0	0	186
0.322	130	164	122	237	190	1	0	0	0	0	186
0.323	130	164	122	237	190	1	0	0	0	0	186
0.324	130	164	122	237	190	1	0	0	0	0	186
0.325	130	164	122	237	191	1	0	0	0	0	186
0.326	130	164	122	237	192	1	0	0	0	0	186
0.327	130	164	122	237	192	1	0	0	0	0	186
0.328	130	164	122	237	192	1	0	0	0	0	186
0.329	130	164	122	237	192	1	0	0	0	0	186
0.33	130	164	122	237	192	1	0	0	0	0	186
0.331	130	164	122	237	193	1	0	0	0	0	186
0.332	130	164	122	237	193	1	0	0	0	0	186
0.333	130	164	122	237	193	1	0	0	0	0	186
0.334	130	164	122	237	193	1	0	0	0	0	186
0.335	130	164	122	237	195	1	0	0	0	0	186
0.336	130	164	122	237	195	1	0	0	0	0	186
0.337	130	164	122	237	195	1	0	0	0	0	186
0.338	130	164	122	237	195	1	0	0	0	0	186
0.339	130	164	122	237	197	1	0	0	0	0	186
0.34	130	164	122	237	197	1	0	0	0	0	186
0.341	130	164	122	237	197	1	0	0	0	0	186
0.342	130	164	122	237	197	1	0	0	0	0	186
0.343	130	164	122	237	197	1	0	0	0	0	186
0.344	130	164	122	237	198	1	0	0	0	0	186
0.345	130	164	122	237	198	1	0	0	0	0	186
0.346	130	164	122	237	198	1	0	0	0	0	186
0.347	130	164	122	237	199	1	0	0	0	0	186
0.348	130	164	122	237	200	1	0	0	0	0	186
0.349	130	164	122	237	201	1	0	0	0	0	186
0.35	130	164	122	237	201	1	0	0	0	0	186
0.351	130	164	122	237	201	1	0	0	0	0	186
0.352	130	164	122	237	202	1	0	0	0	0	186
0.353	130	164	122	237	204	1	0	0	0	0	186
0.354	130	164	122	237	204	1	0	0	0	0	186
0.355	130	164	122	237	204	1	0	0	0	0	186
0.356	130	164	122	237	204	1	0	0	0	0	186
0.357	130	164	122	237	206	1	0	0	0	0	186
0.358	130	164	122	237	206	1	0	0	0	0	186
0.359	130	164	122	237	209	1	0	0	0	0	186
0.36	130	164	122	237	210	1	0	0	0	0	186
0.361	130	164	122	237	210	1	0	0	0	0	186
0.362	130	164	122	237	210	1	0	0	0	0	186
0.363	130	164	122	237	210	1	0	0	0	0	186
0.364	130	164	122	237	211	1	0	0	0	0	186
0.365	130	164	122	237	212	1	0	0	0	0	186
0.366	130	164	122	237	213	1	0	0	0	0	186
0.367	130	164	122	237	214	1	0	0	0	0	186
0.368	130	164	122	237	214	1	0	0	0	0	186
0.369	130	164	122	237	214	1	0	0	0	0	186
0.37	130	164	122	237	214	1	0	0	0	0	186
0.371	130	164	122	237	214	1	0	0	0	0	186
0.372	130	164	122	237	216	1	0	0	0	0	186
0.373	130	164	122	237	216	1	0	0	0	0	186
0.374	130	164	122	237	216	1	0	0	0	0	186
0.375	130	164	122	237	216	1	0	0	0	0	186
0.376	130	164	122	237	216	1	0	0	0	0	186
0.377	130	164	122	237	216	1	0	0	0	0	186
0.378	130	164	122	237	217	1	0	0	0	0	186
0.379	130	164	122	237	218	1	0	0	0	0	186
0.38	130	164	122	237	218	1	0	0	0	0	186
0.381	130	164	122	237	219	1	0	0	0	0	186
0.382	130	164	122	237	220	1	0	0	0	0	186
0.383	130	164	122	237	220	1	0	0	0	0	186
0.384	130	164	122	237	220	1	0	0	0	0	186
0.385	130	164	122	237	221	1	0	0	0	0	186
0.386	130	164	122	237	221	1	0	0	0	0	186
0.387	130	164	122	237	221	1	0	0	0	0	186
0.388	130	164	122	237	221	1	0	0	0	0	186
0.389	130	164	122	237	221	1	0	0	0	0	186
0.39	130	164	122	237	221	1	0	0	0	0	186
0.391	130	164	122	237	222	1	0	0	0	0	186
0.392	130	164	122	237	222	1	0	0	0	0	186
0.393	130	164	122	237	223	1	0	0	0	0	186
0.394	130	164	122	237	223	1	0	0	0	0	186
0.395	130	164	122	237	224	1	0	0	0	0	186
0.396	130	164	122	237	224	1	0	0	0	0	186
0.397	130	164	122	237	226	1	0	0	0	0	186
0.398	130	164	122	237	226	1	0	0	0	0	186
0.399	130	164	122	237	226	1	0	0	0	0	186
0.4	130	164	122	237	227	1	0	0	0	0	186
0.401	130	164	122	237	227	1	0	0	0	0	186
0.402	130	164	122	237	227	1	0	0	0	0	186
0.403	130	164	122	237	227	1	0	0	0	0	186
0.404	130	164	122	237	227	1	0	0	0	0	186
0.405	130	164	122	237	227	1	0	0	0	0	186
0.406	130	164	122	237	227	1	0	0	0	0	186
0.407	130	164	122	237	227	1	0	0	0	0	186
0.408	130	164	122	237	227	1	0	0	0	0	186
0.409	130	164	122	237	228	1	0	0	0	0	186
0.41	130	164	122	237	228	1	0	0	0	0	186
0.411	130	164	122	237	228	1	0	0	0	0	186
0.412	130	164	122	237	228	1	0	0	0	0	186
0.413	130	164	122	237	228	1	0	0	0	0	186
0.414	130	164	122	237	228	1	0	0	0	0	186
0.415	130	164	122	237	228	1	0	0	0	0	186
0.416	130	164	122	237	228	1	0	0	0	0	186
0.417	130	164	122	237	228	1	0	0	0	0	186
0.418	130	164	122	237	228	1	0	0	0	0	186
0.419	130	164	122	237	228	1	0	0	0	0	186
0.42	130	164	122	237	230	1	0	0	0	0	186
0.421	130	164	122	237	230	1	0	0	0	0	186
0.422	130	164	122	237	230	1	0	0	0	0	186
0.423	130	164	122	237	232	1	0	0	0	0	186
0.424	130	164	122	237	233	1	0	0	0	0	186
0.425	130	164	122	237	233	1	0	0	0	0	186
0.426	130	164	122	237	234	1	0	0	0	0	186
0.427	130	164	122	237	234	1	0	0	0	0	186
0.428	130	164	122	237	234	1	0	0	0	0	186
0.429	130	164	122	237	234	1	0	0	0	0	186
0.43	130	164	122	237	234	1	0	0	0	0	186
0.431	130	164	122	237	234	1	0	0	0	0	186
0.432	130	164	122	237	234	1	0	0	0	0	186
0.433	130	164	122	237	234	1	0	0	0	0	186
0.434	130	164	122	237	234	1	0	0	0	0	186
0.435	130	164	122	237	235	1	0	0	0	0	186
0.436	130	164	122	237	236	1	0	0	0	0	186
0.437	130	164	122	237	236	1	0	0	0	0	186
0.438	130	164	122	237	236	1	0	0	0	0	186
0.439	130	164	122	237	236	1	0	0	0	0	186
0.44	130	164	122	237	236	1	0	0	0	0	186
0.441	130	164	122	237	236	1	0	0	0	0	186
0.442	130	164	122	237	236	1	0	0	0	0	186
0.443	130	164	122	237	236	1	0	0	0	0	186
0.444	130	164	122	237	236	1	0	0	0	0	186
0.445	130	164	122	237	236	1	0	0	0	0	186
0.446	130	164	122	237	236	1	0	0	0	0	186
0.447	130	164	122	237	236	1	0	0	0	0	186
0.448	130	164	122	237	236	1	0	0	0	0	186
0.449	130	164	122	237	236	1	0	0	0	0	186
0.45	130	164	122	237	236	1	0	0	0	0	186
0.451	130	164	122	237	237	1	0	0	0	0	186
0.452	130	164	122	237	237	1	0	0	0	0	186
0.453	130	164	122	237	237	1	0	0	0	0	186
0.454	130	164	122	237	238	1	0	0	0	0	186
0.455	130	164	122	237	238	1	0	0	0	0	186
0.456	130	164	122	237	240	1	0	0	0	0	186
0.457	130	164	122	237	241	1	0	0	0	0	186
0.458	130	164	122	237	241	1	0	0	0	0	186
0.459	130	164	122	237	241	1	0	0	0	0	186
0.46	130	164	122	237	241	1	0	0	0	0	186
0.461	130	164	122	237	241	1	0	0	0	0	186
0.462	130	164	122	237	241	1	0	0	0	0	186
0.463	130	164	122	237	241	1	0	0	0	0	186
0.464	130	164	122	237	241	1	0	0	0	0	186
0.465	130	164	122	237	241	1	0	0	0	0	186
0.466	130	164	122	237	241	1	0	0	0	0	186
0.467	130	164	122	237	241	1	0	0	0	0	186
0.468	130	164	122	237	241	1	0	0	0	0	186
0.469	130	164	122	237	241	1	0	0	0	0	186
0.47	130	164	122	237	242	1	0	0	0	0	186
0.471	130	164	122	237	242	1	0	0	0	0	186
0.472	130	164	122	237	243	1	0	0	0	0	186
0.473	130	164	122	237	244	1	0	0	0	0	186
0.474	130	164	122	237	245	1	0	0	0	0	186
0.475	130	164	122	237	246	1	0	0	0	0	186
0.476	130	164	122	237	246	1	0	0	0	0	186
0.477	130	164	122	237	247	1	0	0	0	0	186
0.478	130	164	122	237	247	1	0	0	0	0	186
0.479	130	164	122	237	247	1	0	0	0	0	186
0.48	130	164	122	237	248	1	0	0	0	0	186
0.481	130	164	122	237	248	1	0	0	0	0	186
0.482	130	164	122	237	249	1	0	0	0	0	186
0.483	130	164	122	237	249	1	0	0	0	0	186
0.484	130	164	122	237	249	1	0	0	0	0	186
0.485	130	164	122	237	249	1	0	0	0	0	186
0.486	130	164	122	237	249	1	0	0	0	0	186
0.487	130	164	122	237	250	1	0	0	0	0	186
0.488	130	164	122	237	251	1	0	0	0	0	186
0.489	130	164	122	237	251	1	0	0	0	0	186
0.49	130	164	122	237	251	1	0	0	0	0	186
0.491	130	164	122	237	253	1	0	0	0	0	186
0.492	130	164	122	237	257	1	0	0	0	0	186
0.493	130	164	122	237	257	1	0	0	0	0	186
0.494	130	164	122	237	257	1	0	0	0	0	186
0.495	130	164	122	237	258	1	0	0	0	0	186
0.496	130	164	122	237	258	1	0	0	0	0	186
0.497	130	164	122	237	258	1	0	0	0	0	186
0.498	130	164	122	237	258	1	0	0	0	0	186
0.499	130	164	122	237	259	1	0	0	0	0	186
0.5	130	164	122	237	259	1	0	0	0	0	186
0.501	130	164	122	237	259	1	0	0	0	0	186
0.502	130	164	122	237	259	1	0	0	0	0	186
0.503	130	164	122	237	260	1	0	0	0	0	186
0.504	130	164	122	237	261	1	0	0	0	0	186
0.505	130	164	122	237	261	1	0	0	0	0	186
0.506	130	164	122	237	261	1	0	0	0	0	186
0.507	130	164	122	237	261	1	0	0	0	0	186
0.508	130	164	122	237	261	1	0	0	0	0	186
0.509	130	164	122	237	261	1	0	0	0	0	186
0.51	130	164	122	237	264	1	0	0	0	0	186
0.511	130	164	122	237	264	1	0	0	0	0	186
0.512	130	164	122	237	264	1	0	0	0	0	186
0.513	130	164	122	237	265	1	0	0	0	0	186
0.514	130	164	122	237	265	1	0	0	0	0	186
0.515	130	164	122	237	266	1	0	0	0	0	186
0.516	130	164	122	237	266	1	0	0	0	0	186
0.517	130	164	122	237	266	1	0	0	0	0	186
0.518	130	164	122	237	267	1	0	0	0	0	186
0.519	130	164	122	237	267	1	0	0	0	0	186
0.52	130	164	122	237	268	1	0	0	0	0	186
0.521	130	164	122	237	268	1	0	0	0	0	186
0.522	130	164	122	237	268	1	0	0	0	0	186
0.523	130	164	122	237	268	1	0	0	0	0	186
0.524	130	164	122	237	268	1	0	0	0	0	186
0.525	130	164	122	237	269	1	0	0	0	0	186
0.526	130	164	122	237	269	1	0	0	0	0	186
0.527	130	164	122	237	269	1	0	0	0	0	186
0.528	130	164	122	237	270	1	0	0	0	0	186
0.529	130	164	122	237	270	1	0	0	0	0	186
0.53	130	164	122	237	271	1	0	0	0	0	186
0.531	130	164	122	237	271	1	0	0	0	0	186
0.532	130	164	122	237	271	1	0	0	0	0	186
0.533	130	164	122	237	271	1	0	0	0	0	186
0.534	130	164	122	237	271	1	0	0	0	0	186
0.535	130	164	122	237	271	1	0	0	0	0	186
0.536	130	164	122	237	271	1	0	0	0	0	186
0.537	130	164	122	237	271	1	0	0	0	0	186
0.538	130	164	122	237	272	1	0	0	0	0	186
0.539	130	164	122	237	272	1	0	0	0	0	186
0.54	130	164	122	237	272	1	0	0	0	0	186
0.541	130	164	122	237	272	1	0	0	0	0	186
0.542	130	164	122	237	272	1	0	0	0	0	186
0.543	130	164	122	237	272	1	0	0	0	0	186
0.544	130	164	122	237	274	1	0	0	0	0	186
0.545	130	164	122	237	274	1	0	0	0	0	186
0.546	130	164	122	237	274	1	0	0	0	0	186
0.547	130	164	122	237	274	1	0	0	0	0	186
0.548	130	164	122	237	274	1	0	0	0	0	186
0.549	130	164	122	237	275	1	0	0	0	0	186
0.55	130	164	122	237	275	1	0	0	0	0	186
0.551	130	164	122	237	275	1	0	0	0	0	186
0.552	130	164	122	237	278	1	0	0	0	0	186
0.553	130	164	122	237	278	1	0	0	0	0	186
0.554	130	164	122	237	278	1	0	0	0	0	186
0.555	130	164	122	237	278	1	0	0	0	0	186
0.556	130	164	122	237	278	1	0	0	0	0	186
0.557	130	164	122	237	278	1	0	0	0	0	186
0.558	130	164	122	237	278	1	0	0	0	0	186
0.559	130	164	122	237	278	1	0	0	0	0	186
0.56	130	164	122	237	278	1	0	0	0	0	186
0.561	130	164	122	237	278	1	0	0	0	0	186
0.562	130	164	122	237	278	1	0	0	0	0	186
0.563	130	164	122	237	279	1	0	0	0	0	186
0.564	130	164	122	237	279	1	0	0	0	0	186
0.565	130	164	122	237	279	1	0	0	0	0	186
0.566	130	164	122	237	279	1	0	0	0	0	186
0.567	130	164	122	237	279	1	0	0	0	0	186
0.568	130	164	122	237	279	1	0	0	0	0	186
0.569	130	164	122	237	280	1	0	0	0	0	186
0.57	130	164	122	237	280	1	0	0	0	0	186
0.571	130	164	122	237	281	1	0	0	0	0	186
0.572	130	164	122	237	281	1	0	0	0	0	186
0.573	130	164	122	237	281	1	0	0	0	0	186
0.574	130	164	122	237	281	1	0	0	0	0	186
0.575	130	164	122	237	281	1	0	0	0	0	186
0.576	130	164	122	237	281	1	0	0	0	0	186
0.577	130	164	122	237	282	1	0	0	0	0	186
0.578	130	164	122	237	282	1	0	0	0	0	186
0.579	130	164	122	237	282	1	0	0	0	0	186
0.58	130	164	122	237	283	1	0	0	0	0	186
0.581	130	164	122	237	283	1	0	0	0	0	186
0.582	130	164	122	237	284	1	0	0	0	0	186
0.583	130	164	122	237	284	1	0	0	0	0	186
0.584	130	164	122	237	284	1	0	0	0	0	186
0.585	130	164	122	237	286	1	0	0	0	0	186
0.586	130	164	122	237	286	1	0	0	0	0	186
0.587	130	164	122	237	286	1	0	0	0	0	186
0.588	130	164	122	237	286	1	0	0	0	0	186
0.589	130	164	122	237	286	1	0	0	0	0	186
0.59	130	164	122	237	286	1	0	0	0	0	186
0.591	130	164	122	237	286	1	0	0	0	0	186
0.592	130	164	122	237	287	1	0	0	0	0	186
0.593	130	164	122	237	287	1	0	0	0	0	186
0.594	130	164	122	237	287	1	0	0	0	0	186
0.595	130	164	122	237	287	1	0	0	0	0	186
0.596	130	164	122	237	287	1	0	0	0	0	186
0.597	130	164	122	237	287	1	0	0	0	0	186
0.598	130	164	122	237	287	1	0	0	0	0	186
0.599	130	164	122	237	287	1	0	0	0	0	186
0.6	130	164	122	237	287	1	0	0	0	0	186
0.601	132	167	123	242	287	1	0	0	0	0	187
0.602	132	167	123	242	287	1	0	0	0	0	187
0.603	132	167	123	242	287	1	0	0	0	0	187
0.604	132	167	123	242	287	1	0	0	0	0	187
0.605	132	167	123	242	287	1	0	0	0	0	187
0.606	132	167	123	242	287	1	0	0	0	0	187
0.607	132	167	123	242	287	1	0	0	0	0	187
0.608	132	167	123	242	289	1	0	0	0	0	187
0.609	132	167	123	242	289	1	0	0	0	0	187
0.61	132	167	123	242	290	1	0	0	0	0	187
0.611	132	167	123	242	290	1	0	0	0	0	187
0.612	132	167	123	242	290	1	0	0	0	0	187
0.613	132	167	123	242	291	1	0	0	0	0	187
0.614	132	167	123	242	291	1	0	0	0	0	187
0.615	132	167	123	242	291	1	0	0	0	0	187
0.616	132	167	123	242	291	1	0	0	0	0	187
0.617	132	167	123	242	291	1	0	0	0	0	187
0.618	132	167	123	242	291	1	0	0	0	0	187
0.619	132	167	123	242	293	1	0	0	0	0	187
0.62	132	167	123	242	293	1	0	0	0	0	187
0.621	132	167	123	242	293	1	0	0	0	0	187
0.622	132	167	123	242	293	1	0	0	0	0	187
0.623	132	167	123	242	295	1	0	0	0	0	187
0.624	132	167	123	242	296	1	0	0	0	0	187
0.625	132	167	123	242	298	1	0	0	0	0	187
0.626	132	167	123	242	298	1	0	0	0	0	187
0.627	132	167	123	242	298	1	0	0	0	0	187
0.628	132	167	123	242	298	1	0	0	0	0	187
0.629	132	167	123	242	298	1	0	0	0	0	187
0.63	132	167	123	242	298	1	0	0	0	0	187
0.631	132	167	123	242	298	1	0	0	0	0	187
0.632	132	167	123	242	298	1	0	0	0	0	187
0.633	132	167	123	242	298	1	0	0	0	0	187
0.634	132	167	123	242	299	1	0	0	0	0	187
0.635	132	167	123	242	300	1	0	0	0	0	187
0.636	132	167	123	242	301	1	0	0	0	0	187
0.637	132	167	123	242	301	1	0	0	0	0	187
0.638	132	167	123	242	301	1	0	0	0	0	187
0.639	132	167	123	242	301	1	0	0	0	0	187
0.64	132	167	123	242	301	1	0	0	0	0	187
0.641	132	167	123	242	301	1	0	0	0	0	187
0.642	132	167	123	242	302	1	0	0	0	0	187
0.643	132	167	123	242	302	1	0	0	0	0	187
0.644	132	167	123	242	302	1	0	0	0	0	187
0.645	132	167	123	242	302	1	0	0	0	0	187
0.646	132	167	123	242	302	1	0	0	0	0	187
0.647	132	167	123	242	304	1	0	0	0	0	187
0.648	132	167	123	242	304	1	0	0	0	0	187
0.649	132	167	123	242	305	1	0	0	0	0	187
0.65	132	167	123	242	306	1	0	0	0	0	187
0.651	132	167	123	242	307	1	0	0	0	0	187
0.652	132	167	123	242	307	1	0	0	0	0	187
0.653	132	167	123	242	307	1	0	0	0	0	187
0.654	132	167	123	242	307	1	0	0	0	0	187
0.655	132	167	123	242	307	1	0	0	0	0	187
0.656	132	167	123	242	308	1	0	0	0	0	187
0.657	132	167	123	242	309	1	0	0	0	0	187
0.658	132	167	123	242	309	1	0	0	0	0	187
0.659	132	167	123	242	309	1	0	0	0	0	187
0.66	132	167	123	242	309	1	0	0	0	0	187
