TIME(s)	'A,A'	'A,B'	'B,B'	Nloops	nOverlapPartner	nOverlapSystem	nOverlapSpanBox	nDisplace2D	nDisplace3D	nDisplace3Dto2D	nAssocSuccess
0	0	0	0	0	0	0	0	0	0	0	0
0.001	3	3	4	0	1	0	0	0	0	0	10
0.002	6	5	9	2	1	0	0	0	0	0	19
0.003	9	11	17	9	2	0	0	0	0	0	29
0.004	12	13	24	13	2	1	0	0	0	0	38
0.005	18	16	25	13	2	1	0	0	0	0	48
0.006	28	21	26	18	2	1	0	0	0	0	59
0.007	32	23	33	21	2	1	0	0	0	0	69
0.008	43	27	35	28	2	1	0	0	0	0	79
0.009	46	33	41	35	2	1	0	0	0	0	87
0.01	55	40	44	45	2	1	0	0	0	0	96
0.011	58	52	46	56	2	1	0	0	0	0	102
0.012	58	61	48	61	3	1	0	0	0	0	108
0.013	58	65	56	68	6	1	0	0	0	0	113
0.014	59	68	62	74	7	1	0	0	0	0	117
0.015	60	77	66	81	8	1	0	0	0	0	124
0.016	68	81	69	90	8	1	0	0	0	0	130
0.017	69	82	71	92	8	1	0	0	0	0	132
0.018	73	86	71	97	9	2	0	0	0	0	135
0.019	73	92	75	104	11	2	0	0	0	0	138
0.02	73	92	75	104	14	2	0	0	0	0	138
0.021	73	92	75	104	14	2	0	0	0	0	138
0.022	75	95	79	109	15	2	0	0	0	0	142
0.023	75	99	81	112	17	2	0	0	0	0	145
0.024	77	99	81	113	17	2	0	0	0	0	146
0.025	82	101	81	118	21	2	0	0	0	0	148
0.026	85	106	81	122	23	2	0	0	0	0	152
0.027	85	106	85	125	26	2	0	0	0	0	153
0.028	86	110	91	133	26	2	0	0	0	0	156
0.029	86	110	91	133	30	2	0	0	0	0	156
0.03	89	110	91	135	35	2	0	0	0	0	157
0.031	91	114	95	143	37	2	0	0	0	0	159
0.032	91	115	96	144	38	2	0	0	0	0	160
0.033	91	115	96	144	38	2	0	0	0	0	160
0.034	91	115	96	144	40	2	0	0	0	0	160
0.035	91	117	96	145	41	2	0	0	0	0	161
0.036	91	118	99	148	45	2	0	0	0	0	162
0.037	91	121	99	150	48	2	0	0	0	0	163
0.038	91	121	99	150	49	2	0	0	0	0	163
0.039	91	121	99	150	53	2	0	0	0	0	163
0.04	94	123	99	154	55	2	0	0	0	0	164
0.041	95	126	99	157	57	2	0	0	0	0	165
0.042	95	126	99	157	60	2	0	0	0	0	165
0.043	96	127	99	158	62	2	0	0	0	0	166
0.044	96	127	99	158	63	2	0	0	0	0	166
0.045	96	127	99	158	66	2	0	0	0	0	166
0.046	97	132	100	163	66	2	0	0	0	0	168
0.047	99	135	100	167	67	2	0	0	0	0	169
0.048	99	134	100	167	68	2	0	0	0	0	169
0.049	99	134	100	167	68	2	0	0	0	0	169
0.05	99	134	100	167	69	2	0	0	0	0	169
0.051	99	138	102	171	69	2	0	0	0	0	171
0.052	99	139	104	173	70	2	0	0	0	0	172
0.053	99	139	104	173	72	2	0	0	0	0	172
0.054	99	139	104	173	75	2	0	0	0	0	172
0.055	99	139	104	173	83	2	0	0	0	0	172
0.056	99	139	104	173	83	2	0	0	0	0	172
0.057	99	139	104	173	83	2	0	0	0	0	172
0.058	99	139	104	173	85	2	0	0	0	0	172
0.059	99	139	104	173	86	2	0	0	0	0	172
0.06	99	139	104	173	88	2	0	0	0	0	172
0.061	99	139	104	173	88	2	0	0	0	0	172
0.062	99	139	108	176	89	2	0	0	0	0	173
0.063	99	139	108	176	89	2	0	0	0	0	173
0.064	99	139	108	176	90	2	0	0	0	0	173
0.065	99	139	108	176	93	2	0	0	0	0	173
0.066	99	139	108	176	93	2	0	0	0	0	173
0.067	99	139	108	176	98	2	0	0	0	0	173
0.068	99	139	108	176	99	2	0	0	0	0	173
0.069	99	139	108	176	99	2	0	0	0	0	173
0.07	101	139	108	177	99	2	0	0	0	0	174
0.071	101	139	108	177	100	2	0	0	0	0	174
0.072	101	139	108	177	100	2	0	0	0	0	174
0.073	101	139	108	177	100	2	0	0	0	0	174
0.074	101	139	108	177	100	2	0	0	0	0	174
0.075	101	139	108	177	101	2	0	0	0	0	174
0.076	101	139	108	177	103	2	0	0	0	0	174
0.077	101	139	108	177	104	2	0	0	0	0	174
0.078	101	139	108	177	107	2	0	0	0	0	174
0.079	101	139	108	177	108	2	0	0	0	0	174
0.08	101	139	112	180	109	2	0	0	0	0	175
0.081	101	139	112	180	111	2	0	0	0	0	175
0.082	101	139	112	180	111	2	0	0	0	0	175
0.083	101	139	112	180	111	2	0	0	0	0	175
0.084	101	139	112	180	112	2	0	0	0	0	175
0.085	103	139	112	181	112	2	0	0	0	0	176
0.086	103	139	112	181	115	2	0	0	0	0	176
0.087	103	139	112	181	118	2	0	0	0	0	176
0.088	103	139	112	181	118	2	0	0	0	0	176
0.089	103	139	112	181	118	2	0	0	0	0	176
0.09	103	139	112	181	118	2	0	0	0	0	176
0.091	103	139	112	181	119	2	0	0	0	0	176
0.092	103	139	112	181	120	2	0	0	0	0	176
0.093	103	139	112	181	120	2	0	0	0	0	176
0.094	103	139	112	181	121	2	0	0	0	0	176
0.095	103	139	112	181	122	2	0	0	0	0	176
0.096	104	140	112	182	123	2	0	0	0	0	177
0.097	104	140	112	182	123	2	0	0	0	0	177
0.098	104	140	112	182	124	2	0	0	0	0	177
0.099	104	140	112	182	124	2	0	0	0	0	177
0.1	104	140	112	182	125	2	0	0	0	0	177
0.101	104	140	112	182	126	2	0	0	0	0	177
0.102	104	140	112	182	126	2	0	0	0	0	177
0.103	104	140	112	182	127	2	0	0	0	0	177
0.104	104	140	112	182	127	2	0	0	0	0	177
0.105	104	140	112	182	129	2	0	0	0	0	177
0.106	104	140	112	182	129	2	0	0	0	0	177
0.107	104	140	112	182	129	2	0	0	0	0	177
0.108	104	140	112	182	132	2	0	0	0	0	177
0.109	104	140	112	182	132	2	0	0	0	0	177
0.11	104	140	112	182	133	2	0	0	0	0	177
0.111	104	140	112	182	133	2	0	0	0	0	177
0.112	104	140	112	182	134	2	0	0	0	0	177
0.113	104	140	112	182	134	2	0	0	0	0	177
0.114	104	140	112	182	135	2	0	0	0	0	177
0.115	104	140	112	182	139	2	0	0	0	0	177
0.116	104	140	112	182	139	2	0	0	0	0	177
0.117	104	140	112	182	139	2	0	0	0	0	177
0.118	104	140	112	182	142	2	0	0	0	0	177
0.119	104	141	113	183	145	2	0	0	0	0	178
0.12	104	141	113	183	147	2	0	0	0	0	178
0.121	104	141	113	183	150	2	0	0	0	0	178
0.122	104	141	113	183	154	2	0	0	0	0	178
0.123	104	141	113	183	159	2	0	0	0	0	178
0.124	104	141	113	183	159	2	0	0	0	0	178
0.125	104	141	113	183	160	2	0	0	0	0	178
0.126	104	141	113	183	160	2	0	0	0	0	178
0.127	104	141	113	183	162	2	0	0	0	0	178
0.128	104	141	113	183	164	2	0	0	0	0	178
0.129	104	141	113	183	164	2	0	0	0	0	178
0.13	104	141	113	183	165	2	0	0	0	0	178
0.131	104	141	113	183	166	2	0	0	0	0	178
0.132	104	141	113	183	170	2	0	0	0	0	178
0.133	104	141	113	183	171	2	0	0	0	0	178
0.134	104	141	113	183	171	2	0	0	0	0	178
0.135	104	141	113	183	171	2	0	0	0	0	178
0.136	104	141	113	183	171	2	0	0	0	0	178
0.137	104	141	113	183	177	2	0	0	0	0	178
0.138	104	141	113	183	180	2	0	0	0	0	178
0.139	104	141	113	183	180	2	0	0	0	0	178
0.14	104	141	113	183	180	2	0	0	0	0	178
0.141	104	141	113	183	182	2	0	0	0	0	178
0.142	104	141	113	183	185	2	0	0	0	0	178
0.143	104	141	113	183	185	2	0	0	0	0	178
0.144	104	141	113	183	186	2	0	0	0	0	178
0.145	104	141	113	183	186	2	0	0	0	0	178
0.146	104	141	113	183	187	2	0	0	0	0	178
0.147	104	141	113	183	188	2	0	0	0	0	178
0.148	104	141	113	183	188	2	0	0	0	0	178
0.149	104	141	113	183	190	2	0	0	0	0	178
0.15	104	141	113	183	192	2	0	0	0	0	178
0.151	104	141	113	183	194	2	0	0	0	0	178
0.152	104	141	113	183	194	2	0	0	0	0	178
0.153	104	141	113	183	195	2	0	0	0	0	178
0.154	104	141	113	183	198	2	0	0	0	0	178
0.155	104	141	113	183	199	2	0	0	0	0	178
0.156	104	141	113	183	199	2	0	0	0	0	178
0.157	104	141	113	183	200	2	0	0	0	0	178
0.158	104	141	113	183	201	2	0	0	0	0	178
0.159	104	141	113	183	202	2	0	0	0	0	178
0.16	104	141	113	183	202	2	0	0	0	0	178
0.161	104	141	113	183	203	2	0	0	0	0	178
0.162	104	141	113	183	205	2	0	0	0	0	178
0.163	104	141	113	183	205	2	0	0	0	0	178
0.164	104	141	113	183	207	2	0	0	0	0	178
0.165	104	141	113	183	208	2	0	0	0	0	178
0.166	104	141	113	183	210	2	0	0	0	0	178
0.167	104	141	113	183	211	2	0	0	0	0	178
0.168	104	141	113	183	212	2	0	0	0	0	178
0.169	104	141	113	183	213	2	0	0	0	0	178
0.17	104	141	113	183	216	2	0	0	0	0	178
0.171	104	141	113	183	216	2	0	0	0	0	178
0.172	104	141	113	183	217	2	0	0	0	0	178
0.173	104	141	113	183	218	2	0	0	0	0	178
0.174	104	141	113	183	219	2	0	0	0	0	178
0.175	104	141	113	183	221	2	0	0	0	0	178
0.176	104	141	113	183	222	2	0	0	0	0	178
0.177	104	141	113	183	222	2	0	0	0	0	178
0.178	104	141	113	183	222	2	0	0	0	0	178
0.179	104	141	113	183	222	2	0	0	0	0	178
0.18	104	141	113	183	223	2	0	0	0	0	178
0.181	104	141	113	183	225	2	0	0	0	0	178
0.182	104	141	113	183	225	2	0	0	0	0	178
0.183	104	141	113	183	227	2	0	0	0	0	178
0.184	104	141	113	183	229	2	0	0	0	0	178
0.185	104	141	113	183	230	2	0	0	0	0	178
0.186	104	141	113	183	230	2	0	0	0	0	178
0.187	104	141	113	183	233	2	0	0	0	0	178
0.188	104	141	113	183	235	2	0	0	0	0	178
0.189	104	141	113	183	238	2	0	0	0	0	178
0.19	104	141	113	183	241	2	0	0	0	0	178
0.191	104	141	113	183	243	2	0	0	0	0	178
0.192	104	141	113	183	244	2	0	0	0	0	178
0.193	104	141	113	183	245	2	0	0	0	0	178
0.194	104	141	113	183	245	2	0	0	0	0	178
0.195	104	141	113	183	250	2	0	0	0	0	178
0.196	104	141	113	183	251	2	0	0	0	0	178
0.197	104	141	113	183	251	2	0	0	0	0	178
0.198	104	141	113	183	251	2	0	0	0	0	178
0.199	104	141	113	183	253	2	0	0	0	0	178
0.2	104	141	113	183	255	2	0	0	0	0	178
0.201	104	141	113	183	256	2	0	0	0	0	178
0.202	104	141	113	183	260	2	0	0	0	0	178
0.203	104	141	113	183	262	2	0	0	0	0	178
0.204	104	141	113	183	263	2	0	0	0	0	178
0.205	104	141	113	183	264	2	0	0	0	0	178
0.206	104	141	113	183	265	2	0	0	0	0	178
0.207	104	141	113	183	267	2	0	0	0	0	178
0.208	104	141	113	183	271	2	0	0	0	0	178
0.209	104	141	113	183	271	2	0	0	0	0	178
0.21	104	141	113	183	271	2	0	0	0	0	178
0.211	104	141	113	183	271	2	0	0	0	0	178
0.212	104	141	113	183	273	2	0	0	0	0	178
0.213	104	141	113	183	274	2	0	0	0	0	178
0.214	104	141	113	183	275	2	0	0	0	0	178
0.215	104	141	113	183	276	2	0	0	0	0	178
0.216	104	141	113	183	277	2	0	0	0	0	178
0.217	104	141	113	183	278	2	0	0	0	0	178
0.218	104	140	113	183	279	2	0	0	0	0	178
0.219	104	140	113	183	282	2	0	0	0	0	178
0.22	104	140	113	183	282	2	0	0	0	0	178
0.221	104	140	113	183	282	2	0	0	0	0	178
0.222	104	140	113	183	285	2	0	0	0	0	178
0.223	104	140	113	183	286	2	0	0	0	0	178
0.224	104	140	113	183	287	2	0	0	0	0	178
0.225	104	140	113	183	288	2	0	0	0	0	178
0.226	104	140	113	183	290	2	0	0	0	0	178
0.227	104	141	114	184	290	2	0	0	0	0	179
0.228	104	141	114	184	293	2	0	0	0	0	179
0.229	104	141	114	184	295	2	0	0	0	0	179
0.23	104	141	114	184	299	2	0	0	0	0	179
0.231	104	141	114	184	302	2	0	0	0	0	179
0.232	104	141	114	184	303	2	0	0	0	0	179
0.233	104	141	114	184	303	2	0	0	0	0	179
0.234	104	141	114	184	305	2	0	0	0	0	179
0.235	104	141	114	184	305	2	0	0	0	0	179
0.236	104	141	114	184	308	2	0	0	0	0	179
0.237	104	141	114	184	310	2	0	0	0	0	179
0.238	104	141	114	184	311	2	0	0	0	0	179
0.239	104	141	114	184	311	2	0	0	0	0	179
0.24	104	141	114	184	311	2	0	0	0	0	179
0.241	104	141	114	184	311	2	0	0	0	0	179
0.242	104	141	114	184	311	2	0	0	0	0	179
0.243	104	141	114	184	311	2	0	0	0	0	179
0.244	104	141	114	184	312	2	0	0	0	0	179
0.245	104	141	114	184	316	2	0	0	0	0	179
0.246	104	141	114	184	318	2	0	0	0	0	179
0.247	104	141	114	184	318	2	0	0	0	0	179
0.248	104	141	114	184	319	2	0	0	0	0	179
0.249	104	141	113	183	319	2	0	0	0	0	179
0.25	104	141	114	184	319	2	0	0	0	0	179
0.251	104	141	114	184	319	2	0	0	0	0	179
0.252	104	141	114	184	319	2	0	0	0	0	179
0.253	104	141	114	184	320	2	0	0	0	0	179
0.254	104	141	114	184	325	2	0	0	0	0	179
0.255	104	141	114	184	326	2	0	0	0	0	179
0.256	104	141	114	184	326	2	0	0	0	0	179
0.257	104	141	114	184	327	2	0	0	0	0	179
0.258	104	141	114	184	328	2	0	0	0	0	179
0.259	104	141	114	184	328	2	0	0	0	0	179
0.26	104	141	114	184	328	2	0	0	0	0	179
0.261	104	141	114	184	329	2	0	0	0	0	179
0.262	104	141	114	184	330	2	0	0	0	0	179
0.263	104	140	114	184	330	2	0	0	0	0	179
0.264	104	140	114	184	331	2	0	0	0	0	179
0.265	104	140	114	184	332	2	0	0	0	0	179
0.266	104	140	114	184	332	2	0	0	0	0	179
0.267	104	140	114	184	332	2	0	0	0	0	179
0.268	104	140	114	184	333	2	0	0	0	0	179
0.269	104	140	114	184	333	2	0	0	0	0	179
0.27	104	140	114	184	334	2	0	0	0	0	179
0.271	104	140	114	184	334	2	0	0	0	0	179
0.272	104	140	114	184	334	2	0	0	0	0	179
0.273	104	140	114	184	334	2	0	0	0	0	179
0.274	104	140	114	184	336	2	0	0	0	0	179
0.275	104	140	114	184	336	2	0	0	0	0	179
0.276	104	140	114	184	337	2	0	0	0	0	179
0.277	104	140	114	184	338	2	0	0	0	0	179
0.278	104	140	114	184	338	2	0	0	0	0	179
0.279	104	140	114	184	339	2	0	0	0	0	179
0.28	104	140	114	184	339	2	0	0	0	0	179
0.281	104	140	114	184	343	2	0	0	0	0	179
0.282	104	140	114	184	343	2	0	0	0	0	179
0.283	104	140	114	184	344	2	0	0	0	0	179
0.284	104	140	114	184	344	2	0	0	0	0	179
0.285	104	140	114	184	346	2	0	0	0	0	179
0.286	104	140	114	184	346	2	0	0	0	0	179
0.287	104	140	114	184	349	2	0	0	0	0	179
0.288	105	147	117	194	351	2	0	0	0	0	180
0.289	105	147	117	194	352	2	0	0	0	0	180
0.29	105	147	117	194	352	2	0	0	0	0	180
0.291	105	147	117	194	352	2	0	0	0	0	180
0.292	105	147	117	194	353	2	0	0	0	0	180
0.293	105	147	117	194	354	2	0	0	0	0	180
0.294	105	147	117	194	355	2	0	0	0	0	180
0.295	105	147	117	194	356	2	0	0	0	0	180
0.296	105	147	117	194	357	2	0	0	0	0	180
0.297	105	147	117	194	359	2	0	0	0	0	180
0.298	105	147	117	194	359	2	0	0	0	0	180
0.299	105	147	117	194	359	2	0	0	0	0	180
0.3	105	147	117	194	360	2	0	0	0	0	180
0.301	105	147	117	194	362	2	0	0	0	0	180
0.302	105	147	117	194	365	2	0	0	0	0	180
0.303	105	147	117	194	366	2	0	0	0	0	180
0.304	105	147	117	194	367	2	0	0	0	0	180
0.305	105	147	117	194	368	2	0	0	0	0	180
0.306	105	147	117	194	369	2	0	0	0	0	180
0.307	105	147	117	194	369	2	0	0	0	0	180
0.308	105	147	117	194	373	2	0	0	0	0	180
0.309	105	147	117	194	375	2	0	0	0	0	180
0.31	105	147	117	194	378	2	0	0	0	0	180
0.311	105	147	117	194	379	2	0	0	0	0	180
0.312	105	147	117	194	379	2	0	0	0	0	180
0.313	105	147	117	194	379	2	0	0	0	0	180
0.314	105	147	117	194	381	2	0	0	0	0	180
0.315	105	147	117	194	381	2	0	0	0	0	180
0.316	105	147	117	194	383	2	0	0	0	0	180
0.317	105	147	117	194	384	2	0	0	0	0	180
0.318	105	147	117	194	384	2	0	0	0	0	180
0.319	105	147	117	194	384	2	0	0	0	0	180
0.32	105	147	117	194	384	2	0	0	0	0	180
0.321	105	147	117	194	384	2	0	0	0	0	180
0.322	105	147	117	194	384	2	0	0	0	0	180
0.323	105	147	117	194	384	2	0	0	0	0	180
0.324	105	147	117	194	385	2	0	0	0	0	180
0.325	105	147	117	194	386	2	0	0	0	0	180
0.326	105	147	117	194	389	2	0	0	0	0	180
0.327	105	147	117	194	390	2	0	0	0	0	180
0.328	105	147	117	194	391	2	0	0	0	0	180
0.329	105	147	117	194	391	2	0	0	0	0	180
0.33	105	147	117	194	392	2	0	0	0	0	180
0.331	105	147	117	194	394	2	0	0	0	0	180
0.332	105	147	117	194	394	2	0	0	0	0	180
0.333	105	147	117	194	396	2	0	0	0	0	180
0.334	105	147	117	194	396	2	0	0	0	0	180
0.335	105	147	117	194	398	2	0	0	0	0	180
0.336	105	147	117	194	398	2	0	0	0	0	180
0.337	105	147	117	194	398	2	0	0	0	0	180
0.338	105	147	117	194	399	2	0	0	0	0	180
0.339	105	147	117	194	399	2	0	0	0	0	180
0.34	105	147	117	194	399	2	0	0	0	0	180
0.341	105	147	117	194	400	2	0	0	0	0	180
0.342	105	147	117	194	401	2	0	0	0	0	180
0.343	105	147	117	194	401	2	0	0	0	0	180
0.344	105	147	117	194	401	2	0	0	0	0	180
0.345	105	147	117	194	403	2	0	0	0	0	180
0.346	105	147	117	194	405	2	0	0	0	0	180
0.347	105	147	117	194	405	2	0	0	0	0	180
0.348	105	150	117	196	405	2	0	0	0	0	181
0.349	105	149	117	196	406	2	0	0	0	0	181
0.35	105	149	120	198	407	2	0	0	0	0	182
0.351	105	149	120	198	409	2	0	0	0	0	182
0.352	105	149	120	198	411	2	0	0	0	0	182
0.353	104	149	120	198	414	2	0	0	0	0	182
0.354	104	149	120	198	418	2	0	0	0	0	182
0.355	104	149	120	198	418	2	0	0	0	0	182
0.356	104	149	120	198	419	2	0	0	0	0	182
0.357	104	149	120	198	419	2	0	0	0	0	182
0.358	104	149	120	198	419	2	0	0	0	0	182
0.359	104	149	120	198	420	2	0	0	0	0	182
0.36	104	149	120	198	420	2	0	0	0	0	182
0.361	104	149	120	198	420	2	0	0	0	0	182
0.362	104	149	120	198	421	2	0	0	0	0	182
0.363	104	149	120	198	422	2	0	0	0	0	182
0.364	104	149	120	198	422	2	0	0	0	0	182
0.365	104	149	120	198	423	2	0	0	0	0	182
0.366	104	149	120	198	424	2	0	0	0	0	182
0.367	104	149	120	198	424	2	0	0	0	0	182
0.368	104	149	120	198	424	2	0	0	0	0	182
0.369	104	149	120	198	425	2	0	0	0	0	182
0.37	104	149	120	198	425	2	0	0	0	0	182
0.371	104	149	120	198	425	2	0	0	0	0	182
0.372	104	149	120	198	426	2	0	0	0	0	182
0.373	104	149	120	198	428	2	0	0	0	0	182
0.374	104	149	120	198	429	2	0	0	0	0	182
0.375	104	149	120	198	429	2	0	0	0	0	182
0.376	104	149	120	198	429	2	0	0	0	0	182
0.377	104	149	120	198	429	2	0	0	0	0	182
0.378	104	149	120	198	429	2	0	0	0	0	182
0.379	104	149	120	198	433	2	0	0	0	0	182
0.38	104	149	120	198	437	2	0	0	0	0	182
0.381	104	149	120	198	440	2	0	0	0	0	182
0.382	104	149	120	198	440	2	0	0	0	0	182
0.383	104	149	120	198	442	2	0	0	0	0	182
0.384	104	149	120	198	444	2	0	0	0	0	182
0.385	104	149	120	198	445	2	0	0	0	0	182
0.386	104	149	120	198	445	2	0	0	0	0	182
0.387	104	149	120	198	445	2	0	0	0	0	182
0.388	104	149	120	198	446	2	0	0	0	0	182
0.389	104	149	120	198	447	2	0	0	0	0	182
0.39	104	149	120	198	448	2	0	0	0	0	182
0.391	104	149	120	198	448	2	0	0	0	0	182
0.392	104	149	120	198	448	2	0	0	0	0	182
0.393	104	149	120	198	448	2	0	0	0	0	182
0.394	104	149	120	198	448	2	0	0	0	0	182
0.395	104	149	120	198	448	2	0	0	0	0	182
0.396	104	149	120	198	448	2	0	0	0	0	182
0.397	104	149	120	198	449	2	0	0	0	0	182
0.398	104	149	120	198	449	2	0	0	0	0	182
0.399	104	149	120	198	449	2	0	0	0	0	182
0.4	104	149	120	198	450	2	0	0	0	0	182
0.401	104	149	120	198	450	2	0	0	0	0	182
0.402	104	149	120	198	452	2	0	0	0	0	182
0.403	104	149	120	198	453	2	0	0	0	0	182
0.404	104	149	120	198	453	2	0	0	0	0	182
0.405	104	149	120	198	456	2	0	0	0	0	182
0.406	104	149	120	198	456	2	0	0	0	0	182
0.407	104	149	120	198	458	2	0	0	0	0	182
0.408	104	149	120	198	459	2	0	0	0	0	182
0.409	104	149	120	198	459	2	0	0	0	0	182
0.41	104	149	120	198	459	2	0	0	0	0	182
0.411	104	149	120	198	459	2	0	0	0	0	182
0.412	104	149	120	198	459	2	0	0	0	0	182
0.413	104	149	120	198	461	2	0	0	0	0	182
0.414	104	149	120	198	461	2	0	0	0	0	182
0.415	104	149	120	198	462	2	0	0	0	0	182
0.416	104	149	120	198	463	2	0	0	0	0	182
0.417	104	149	120	198	464	2	0	0	0	0	182
0.418	104	149	120	198	464	2	0	0	0	0	182
0.419	104	149	120	198	464	2	0	0	0	0	182
0.42	104	149	120	198	465	2	0	0	0	0	182
0.421	104	149	120	198	465	2	0	0	0	0	182
0.422	104	149	120	198	465	2	0	0	0	0	182
0.423	104	149	120	198	467	2	0	0	0	0	182
0.424	104	149	120	198	470	2	0	0	0	0	182
0.425	104	149	120	198	470	2	0	0	0	0	182
0.426	104	149	120	198	470	2	0	0	0	0	182
0.427	104	149	120	198	470	2	0	0	0	0	182
0.428	104	149	120	198	472	2	0	0	0	0	182
0.429	104	149	120	198	473	2	0	0	0	0	182
0.43	104	149	120	198	474	2	0	0	0	0	182
0.431	104	149	120	198	474	2	0	0	0	0	182
0.432	104	149	120	198	475	2	0	0	0	0	182
0.433	104	149	120	198	476	2	0	0	0	0	182
0.434	104	149	120	198	476	2	0	0	0	0	182
0.435	107	152	120	203	477	2	0	0	0	0	183
0.436	107	152	120	203	477	2	0	0	0	0	183
0.437	107	152	120	203	477	2	0	0	0	0	183
0.438	107	152	120	203	477	2	0	0	0	0	183
0.439	107	152	120	203	477	2	0	0	0	0	183
0.44	107	152	120	203	478	2	0	0	0	0	183
0.441	107	152	120	203	479	2	0	0	0	0	183
0.442	107	152	120	203	479	2	0	0	0	0	183
0.443	107	152	120	203	479	2	0	0	0	0	183
0.444	107	152	120	203	479	2	0	0	0	0	183
0.445	107	152	120	203	480	2	0	0	0	0	183
0.446	107	152	120	203	480	2	0	0	0	0	183
0.447	107	152	120	203	481	2	0	0	0	0	183
0.448	107	152	120	203	481	2	0	0	0	0	183
0.449	107	152	120	203	482	2	0	0	0	0	183
0.45	107	152	120	203	482	2	0	0	0	0	183
0.451	107	152	120	203	483	2	0	0	0	0	183
0.452	107	152	120	203	486	2	0	0	0	0	183
0.453	107	152	120	203	488	2	0	0	0	0	183
0.454	107	152	120	203	488	2	0	0	0	0	183
0.455	107	152	120	203	488	2	0	0	0	0	183
0.456	107	152	120	203	488	2	0	0	0	0	183
0.457	107	152	120	203	488	2	0	0	0	0	183
0.458	107	152	120	203	489	2	0	0	0	0	183
0.459	107	152	120	203	489	2	0	0	0	0	183
0.46	107	152	120	203	494	2	0	0	0	0	183
0.461	107	152	120	203	495	2	0	0	0	0	183
0.462	107	152	120	203	496	2	0	0	0	0	183
0.463	107	152	120	203	496	2	0	0	0	0	183
0.464	107	152	120	203	497	2	0	0	0	0	183
0.465	107	152	120	203	500	2	0	0	0	0	183
0.466	107	152	120	203	502	2	0	0	0	0	183
0.467	107	152	120	203	503	2	0	0	0	0	183
0.468	107	152	120	203	503	2	0	0	0	0	183
0.469	107	152	120	203	504	2	0	0	0	0	183
0.47	107	152	120	203	504	2	0	0	0	0	183
0.471	107	152	120	203	504	2	0	0	0	0	183
0.472	107	152	120	203	505	2	0	0	0	0	183
0.473	107	152	120	203	507	2	0	0	0	0	183
0.474	107	152	120	203	508	2	0	0	0	0	183
0.475	107	152	120	203	508	2	0	0	0	0	183
0.476	107	152	120	203	509	2	0	0	0	0	183
0.477	107	152	120	203	512	2	0	0	0	0	183
0.478	107	152	120	203	512	2	0	0	0	0	183
0.479	107	152	120	203	513	2	0	0	0	0	183
0.48	107	152	120	203	515	2	0	0	0	0	183
0.481	107	152	120	203	515	2	0	0	0	0	183
0.482	107	152	120	203	515	2	0	0	0	0	183
0.483	107	152	120	203	515	2	0	0	0	0	183
0.484	109	158	120	210	515	2	0	0	0	0	184
0.485	109	158	120	210	515	2	0	0	0	0	184
0.486	109	158	120	210	515	2	0	0	0	0	184
0.487	109	158	120	210	515	2	0	0	0	0	184
0.488	109	158	120	210	518	2	0	0	0	0	184
0.489	109	158	120	210	518	2	0	0	0	0	184
0.49	109	158	120	210	518	2	0	0	0	0	184
0.491	109	158	120	210	520	2	0	0	0	0	184
0.492	109	158	120	210	520	2	0	0	0	0	184
0.493	109	158	120	210	524	2	0	0	0	0	184
0.494	109	158	120	210	524	2	0	0	0	0	184
0.495	109	158	120	210	524	2	0	0	0	0	184
0.496	109	158	120	210	524	2	0	0	0	0	184
0.497	109	158	120	210	524	2	0	0	0	0	184
0.498	109	158	120	210	525	2	0	0	0	0	184
0.499	109	158	120	210	526	2	0	0	0	0	184
0.5	109	158	120	210	528	2	0	0	0	0	184
0.501	109	158	120	210	528	2	0	0	0	0	184
0.502	109	158	120	210	530	2	0	0	0	0	184
0.503	109	158	120	210	532	2	0	0	0	0	184
0.504	109	158	120	210	533	2	0	0	0	0	184
0.505	109	158	120	210	533	2	0	0	0	0	184
0.506	109	158	120	210	535	2	0	0	0	0	184
0.507	109	158	120	210	535	2	0	0	0	0	184
0.508	109	158	120	210	535	2	0	0	0	0	184
0.509	109	158	120	210	535	2	0	0	0	0	184
0.51	109	158	120	210	535	2	0	0	0	0	184
0.511	109	158	120	210	535	2	0	0	0	0	184
0.512	109	158	120	210	537	2	0	0	0	0	184
0.513	109	158	120	210	537	2	0	0	0	0	184
0.514	109	158	120	210	540	2	0	0	0	0	184
0.515	109	158	120	210	540	2	0	0	0	0	184
0.516	109	158	120	210	540	2	0	0	0	0	184
0.517	109	158	120	210	541	2	0	0	0	0	184
0.518	109	158	120	210	542	2	0	0	0	0	184
0.519	109	158	120	210	542	2	0	0	0	0	184
0.52	109	158	120	210	543	2	0	0	0	0	184
0.521	109	158	120	210	544	2	0	0	0	0	184
0.522	109	158	120	210	546	2	0	0	0	0	184
0.523	109	158	120	210	548	2	0	0	0	0	184
0.524	109	158	120	210	549	2	0	0	0	0	184
0.525	109	158	120	210	549	2	0	0	0	0	184
0.526	109	158	120	210	551	2	0	0	0	0	184
0.527	109	158	120	210	552	2	0	0	0	0	184
0.528	109	158	120	210	556	2	0	0	0	0	184
0.529	109	158	120	210	558	2	0	0	0	0	184
0.53	109	158	120	210	558	2	0	0	0	0	184
0.531	109	158	120	210	558	2	0	0	0	0	184
0.532	109	158	120	210	560	2	0	0	0	0	184
0.533	109	158	120	210	561	2	0	0	0	0	184
0.534	109	158	120	210	564	2	0	0	0	0	184
0.535	109	158	120	210	565	2	0	0	0	0	184
0.536	109	158	120	210	565	2	0	0	0	0	184
0.537	109	158	120	210	565	2	0	0	0	0	184
0.538	109	158	120	210	566	2	0	0	0	0	184
0.539	109	158	120	210	567	2	0	0	0	0	184
0.54	109	158	120	210	567	2	0	0	0	0	184
0.541	109	158	120	210	567	2	0	0	0	0	184
0.542	109	158	120	210	567	2	0	0	0	0	184
0.543	109	158	120	210	567	2	0	0	0	0	184
0.544	109	158	120	210	570	2	0	0	0	0	184
0.545	109	158	120	210	570	2	0	0	0	0	184
0.546	109	158	120	210	571	2	0	0	0	0	184
0.547	109	158	120	210	571	2	0	0	0	0	184
0.548	109	158	120	210	571	2	0	0	0	0	184
0.549	109	158	120	210	571	2	0	0	0	0	184
0.55	109	158	120	210	572	2	0	0	0	0	184
0.551	109	158	120	210	572	2	0	0	0	0	184
0.552	109	158	120	210	572	2	0	0	0	0	184
0.553	109	158	120	210	572	2	0	0	0	0	184
0.554	109	158	120	210	572	2	0	0	0	0	184
0.555	109	158	120	210	573	2	0	0	0	0	184
0.556	109	158	120	210	574	2	0	0	0	0	184
0.557	109	158	120	210	574	2	0	0	0	0	184
0.558	109	158	120	210	574	2	0	0	0	0	184
0.559	109	158	120	210	574	2	0	0	0	0	184
0.56	109	158	120	210	575	2	0	0	0	0	184
0.561	109	158	120	210	575	2	0	0	0	0	184
0.562	109	158	120	210	578	2	0	0	0	0	184
0.563	109	158	120	210	580	2	0	0	0	0	184
0.564	109	158	120	210	580	2	0	0	0	0	184
0.565	109	158	120	210	581	2	0	0	0	0	184
0.566	109	158	120	210	581	2	0	0	0	0	184
0.567	109	158	120	210	583	2	0	0	0	0	184
0.568	109	158	120	210	583	2	0	0	0	0	184
0.569	109	158	120	210	587	2	0	0	0	0	184
0.57	109	158	120	210	587	2	0	0	0	0	184
0.571	109	158	120	210	587	2	0	0	0	0	184
0.572	109	158	120	210	587	2	0	0	0	0	184
0.573	109	158	120	210	587	2	0	0	0	0	184
0.574	109	158	120	210	589	2	0	0	0	0	184
0.575	109	158	120	210	590	2	0	0	0	0	184
0.576	109	158	120	210	591	2	0	0	0	0	184
0.577	109	158	120	210	591	2	0	0	0	0	184
0.578	109	158	120	210	591	2	0	0	0	0	184
0.579	109	158	120	210	591	2	0	0	0	0	184
0.58	109	158	120	210	591	2	0	0	0	0	184
0.581	108	158	120	209	591	2	0	0	0	0	184
0.582	109	158	120	210	591	2	0	0	0	0	184
0.583	109	158	120	210	591	2	0	0	0	0	184
0.584	109	158	120	210	591	2	0	0	0	0	184
0.585	109	158	120	210	591	2	0	0	0	0	184
0.586	109	158	120	210	592	2	0	0	0	0	184
0.587	109	158	120	210	594	2	0	0	0	0	184
0.588	108	158	120	209	594	2	0	0	0	0	184
0.589	109	158	120	210	595	2	0	0	0	0	184
0.59	109	158	120	210	596	2	0	0	0	0	184
0.591	109	158	120	210	597	2	0	0	0	0	184
0.592	109	158	120	210	599	2	0	0	0	0	184
0.593	109	158	120	210	599	2	0	0	0	0	184
0.594	109	158	120	210	599	2	0	0	0	0	184
0.595	109	158	120	210	601	2	0	0	0	0	184
0.596	109	158	120	210	602	2	0	0	0	0	184
0.597	109	158	120	210	602	2	0	0	0	0	184
0.598	109	158	120	210	602	2	0	0	0	0	184
0.599	109	158	120	210	603	2	0	0	0	0	184
0.6	109	158	120	210	603	2	0	0	0	0	184
0.601	109	158	120	210	603	2	0	0	0	0	184
0.602	109	158	120	210	603	2	0	0	0	0	184
0.603	109	158	120	210	605	2	0	0	0	0	184
0.604	109	158	120	210	607	2	0	0	0	0	184
0.605	109	158	120	210	607	2	0	0	0	0	184
0.606	109	158	120	210	607	2	0	0	0	0	184
0.607	109	158	120	210	607	2	0	0	0	0	184
0.608	109	158	120	210	607	2	0	0	0	0	184
0.609	109	158	120	210	607	2	0	0	0	0	184
0.61	109	158	120	210	609	2	0	0	0	0	184
0.611	109	158	120	210	609	2	0	0	0	0	184
0.612	109	158	120	210	609	2	0	0	0	0	184
0.613	109	158	120	210	609	2	0	0	0	0	184
0.614	109	158	120	210	609	2	0	0	0	0	184
0.615	109	158	120	210	609	2	0	0	0	0	184
0.616	109	158	120	210	611	2	0	0	0	0	184
0.617	109	158	120	210	612	2	0	0	0	0	184
0.618	109	158	120	210	612	2	0	0	0	0	184
0.619	109	158	120	210	612	2	0	0	0	0	184
0.62	109	158	120	210	613	2	0	0	0	0	184
0.621	109	158	120	210	613	2	0	0	0	0	184
0.622	109	158	120	210	613	2	0	0	0	0	184
0.623	109	158	120	210	614	2	0	0	0	0	184
0.624	109	158	120	210	614	2	0	0	0	0	184
0.625	109	158	120	210	614	2	0	0	0	0	184
0.626	109	158	120	210	614	2	0	0	0	0	184
0.627	109	158	120	210	617	2	0	0	0	0	184
0.628	109	158	120	210	617	2	0	0	0	0	184
0.629	109	158	120	210	618	2	0	0	0	0	184
0.63	109	158	120	210	619	2	0	0	0	0	184
0.631	109	158	120	210	619	2	0	0	0	0	184
0.632	109	158	120	210	619	2	0	0	0	0	184
0.633	109	158	120	210	620	2	0	0	0	0	184
0.634	109	158	120	210	620	2	0	0	0	0	184
0.635	109	158	120	210	622	2	0	0	0	0	184
0.636	109	158	120	210	623	2	0	0	0	0	184
0.637	109	158	120	210	624	2	0	0	0	0	184
0.638	109	158	120	210	626	2	0	0	0	0	184
0.639	109	158	120	210	627	2	0	0	0	0	184
0.64	109	158	120	210	628	2	0	0	0	0	184
0.641	109	158	120	210	630	2	0	0	0	0	184
0.642	109	158	120	210	633	2	0	0	0	0	184
0.643	109	158	120	210	635	2	0	0	0	0	184
0.644	109	158	120	210	638	2	0	0	0	0	184
0.645	109	158	120	210	639	2	0	0	0	0	184
0.646	109	158	120	210	640	2	0	0	0	0	184
0.647	109	158	120	210	640	2	0	0	0	0	184
0.648	109	158	120	210	640	2	0	0	0	0	184
0.649	109	158	120	210	641	2	0	0	0	0	184
0.65	109	158	120	210	643	2	0	0	0	0	184
0.651	109	158	120	210	648	2	0	0	0	0	184
0.652	109	158	120	210	649	2	0	0	0	0	184
0.653	109	158	120	210	649	2	0	0	0	0	184
0.654	109	158	120	210	649	2	0	0	0	0	184
0.655	109	158	120	210	649	2	0	0	0	0	184
0.656	109	158	120	210	651	2	0	0	0	0	184
0.657	109	158	120	210	651	2	0	0	0	0	184
0.658	109	158	120	210	652	2	0	0	0	0	184
0.659	109	158	120	210	652	2	0	0	0	0	184
0.66	109	158	120	210	654	2	0	0	0	0	184
0.661	109	158	120	210	654	2	0	0	0	0	184
0.662	109	158	120	210	654	2	0	0	0	0	184
0.663	109	158	120	210	655	2	0	0	0	0	184
0.664	109	158	120	210	656	2	0	0	0	0	184
0.665	109	158	120	210	656	2	0	0	0	0	184
0.666	109	158	120	210	656	2	0	0	0	0	184
0.667	109	158	120	210	657	2	0	0	0	0	184
0.668	109	158	120	210	659	2	0	0	0	0	184
0.669	109	158	120	210	660	2	0	0	0	0	184
0.67	109	158	120	210	660	2	0	0	0	0	184
0.671	109	158	120	210	660	2	0	0	0	0	184
0.672	109	158	120	210	660	2	0	0	0	0	184
0.673	109	158	120	210	660	2	0	0	0	0	184
0.674	109	158	120	210	660	2	0	0	0	0	184
0.675	109	158	120	210	660	2	0	0	0	0	184
0.676	109	158	120	210	660	2	0	0	0	0	184
0.677	109	158	120	210	662	2	0	0	0	0	184
0.678	109	158	120	210	663	2	0	0	0	0	184
0.679	109	158	120	210	664	2	0	0	0	0	184
0.68	109	158	120	210	664	2	0	0	0	0	184
0.681	109	158	120	210	664	2	0	0	0	0	184
0.682	109	158	120	210	665	2	0	0	0	0	184
0.683	109	158	120	210	665	2	0	0	0	0	184
0.684	109	158	120	210	665	2	0	0	0	0	184
0.685	109	158	120	210	666	2	0	0	0	0	184
0.686	109	158	120	210	668	2	0	0	0	0	184
0.687	109	158	120	210	668	2	0	0	0	0	184
0.688	109	158	120	210	668	2	0	0	0	0	184
0.689	109	158	120	210	668	2	0	0	0	0	184
0.69	109	158	120	210	668	2	0	0	0	0	184
0.691	109	158	120	210	669	2	0	0	0	0	184
0.692	109	158	120	210	670	2	0	0	0	0	184
0.693	109	158	120	210	670	2	0	0	0	0	184
0.694	109	158	120	210	670	2	0	0	0	0	184
0.695	109	158	120	210	673	2	0	0	0	0	184
0.696	109	158	120	210	674	2	0	0	0	0	184
0.697	109	158	120	210	674	2	0	0	0	0	184
0.698	109	158	120	210	675	2	0	0	0	0	184
0.699	109	158	120	210	677	2	0	0	0	0	184
0.7	109	158	120	210	678	2	0	0	0	0	184
0.701	109	158	120	210	678	2	0	0	0	0	184
0.702	109	158	120	210	678	2	0	0	0	0	184
0.703	109	158	120	210	684	2	0	0	0	0	184
0.704	109	158	120	210	685	2	0	0	0	0	184
0.705	109	158	120	210	686	2	0	0	0	0	184
0.706	109	158	120	210	686	2	0	0	0	0	184
0.707	109	158	120	210	686	2	0	0	0	0	184
0.708	109	158	120	210	686	2	0	0	0	0	184
0.709	109	158	120	210	686	2	0	0	0	0	184
0.71	109	158	120	210	689	2	0	0	0	0	184
0.711	109	158	120	210	690	2	0	0	0	0	184
0.712	109	158	120	210	691	2	0	0	0	0	184
0.713	109	158	120	210	693	2	0	0	0	0	184
0.714	109	158	120	210	693	2	0	0	0	0	184
0.715	109	158	120	210	693	2	0	0	0	0	184
0.716	109	158	120	210	694	2	0	0	0	0	184
0.717	109	158	120	210	694	2	0	0	0	0	184
0.718	109	158	120	210	694	2	0	0	0	0	184
0.719	109	158	120	210	696	2	0	0	0	0	184
0.72	109	158	120	210	696	2	0	0	0	0	184
0.721	109	158	120	210	697	2	0	0	0	0	184
0.722	109	158	120	210	697	2	0	0	0	0	184
0.723	109	158	120	210	697	2	0	0	0	0	184
0.724	109	158	120	210	698	2	0	0	0	0	184
0.725	109	158	120	210	698	2	0	0	0	0	184
0.726	109	158	120	210	700	2	0	0	0	0	184
0.727	109	158	120	210	701	2	0	0	0	0	184
0.728	109	158	120	210	701	2	0	0	0	0	184
0.729	109	158	120	210	701	2	0	0	0	0	184
0.73	109	158	120	210	701	2	0	0	0	0	184
0.731	109	158	120	210	701	2	0	0	0	0	184
0.732	109	158	120	210	704	2	0	0	0	0	184
0.733	109	158	120	210	704	2	0	0	0	0	184
0.734	109	158	120	210	705	2	0	0	0	0	184
0.735	109	158	120	210	705	2	0	0	0	0	184
0.736	109	158	120	210	706	2	0	0	0	0	184
0.737	109	158	120	210	708	2	0	0	0	0	184
0.738	109	158	120	210	708	2	0	0	0	0	184
0.739	109	158	120	210	708	2	0	0	0	0	184
0.74	109	158	120	210	709	2	0	0	0	0	184
0.741	109	158	120	210	709	2	0	0	0	0	184
0.742	109	158	120	210	711	2	0	0	0	0	184
0.743	109	158	120	210	711	2	0	0	0	0	184
0.744	109	158	120	210	711	2	0	0	0	0	184
0.745	109	158	120	210	714	2	0	0	0	0	184
0.746	109	158	120	210	714	2	0	0	0	0	184
0.747	109	158	120	210	716	2	0	0	0	0	184
0.748	109	158	120	210	717	2	0	0	0	0	184
0.749	109	158	120	210	718	2	0	0	0	0	184
0.75	109	158	120	210	719	2	0	0	0	0	184
0.751	109	158	120	210	721	2	0	0	0	0	184
0.752	109	158	120	210	723	2	0	0	0	0	184
0.753	109	158	120	210	727	2	0	0	0	0	184
0.754	109	158	120	210	727	2	0	0	0	0	184
0.755	109	158	120	210	727	2	0	0	0	0	184
0.756	109	158	120	210	727	2	0	0	0	0	184
0.757	109	158	120	210	727	2	0	0	0	0	184
0.758	109	158	120	210	727	2	0	0	0	0	184
0.759	109	158	120	210	729	2	0	0	0	0	184
0.76	109	158	120	210	730	2	0	0	0	0	184
0.761	109	158	120	210	732	2	0	0	0	0	184
0.762	109	158	120	210	732	2	0	0	0	0	184
0.763	109	158	120	210	733	2	0	0	0	0	184
0.764	109	158	120	210	733	2	0	0	0	0	184
0.765	109	158	120	210	733	2	0	0	0	0	184
0.766	109	158	120	210	734	2	0	0	0	0	184
0.767	109	158	120	210	734	2	0	0	0	0	184
0.768	109	158	120	210	735	2	0	0	0	0	184
0.769	109	158	120	210	737	2	0	0	0	0	184
0.77	109	158	120	210	737	2	0	0	0	0	184
0.771	109	158	120	210	739	2	0	0	0	0	184
0.772	109	158	120	210	740	2	0	0	0	0	184
0.773	109	158	120	210	740	2	0	0	0	0	184
0.774	109	158	120	210	740	2	0	0	0	0	184
0.775	109	158	120	210	740	2	0	0	0	0	184
0.776	109	158	120	210	742	2	0	0	0	0	184
0.777	109	158	120	210	742	2	0	0	0	0	184
0.778	109	158	120	210	742	2	0	0	0	0	184
0.779	109	158	120	210	742	2	0	0	0	0	184
0.78	109	158	120	210	742	2	0	0	0	0	184
0.781	109	158	120	210	742	2	0	0	0	0	184
0.782	109	158	120	210	743	2	0	0	0	0	184
0.783	109	158	120	210	743	2	0	0	0	0	184
0.784	109	158	120	210	744	2	0	0	0	0	184
0.785	109	158	120	210	744	2	0	0	0	0	184
0.786	109	158	120	210	745	2	0	0	0	0	184
0.787	109	158	120	210	746	2	0	0	0	0	184
0.788	109	158	120	210	746	2	0	0	0	0	184
0.789	109	158	120	210	746	2	0	0	0	0	184
0.79	109	158	120	210	746	2	0	0	0	0	184
0.791	109	158	120	210	746	2	0	0	0	0	184
0.792	109	158	120	210	748	2	0	0	0	0	184
0.793	109	158	120	210	748	2	0	0	0	0	184
0.794	109	158	120	210	749	2	0	0	0	0	184
0.795	109	158	120	210	750	2	0	0	0	0	184
0.796	109	158	120	210	752	2	0	0	0	0	184
0.797	109	158	120	210	752	2	0	0	0	0	184
0.798	109	158	120	210	754	2	0	0	0	0	184
0.799	109	158	120	210	754	2	0	0	0	0	184
0.8	109	158	120	210	755	2	0	0	0	0	184
0.801	109	158	120	210	756	2	0	0	0	0	184
0.802	109	158	120	210	758	2	0	0	0	0	184
0.803	109	158	120	210	760	2	0	0	0	0	184
0.804	109	158	120	210	761	2	0	0	0	0	184
0.805	109	158	120	210	762	2	0	0	0	0	184
0.806	109	158	120	210	762	2	0	0	0	0	184
0.807	109	158	120	210	762	2	0	0	0	0	184
0.808	109	158	120	210	762	2	0	0	0	0	184
0.809	109	158	120	210	762	2	0	0	0	0	184
0.81	109	158	120	210	762	2	0	0	0	0	184
0.811	109	158	120	210	762	2	0	0	0	0	184
0.812	109	158	120	210	764	2	0	0	0	0	184
0.813	109	158	120	210	765	2	0	0	0	0	184
0.814	109	158	120	210	765	2	0	0	0	0	184
0.815	109	158	120	210	765	2	0	0	0	0	184
0.816	109	158	120	210	765	2	0	0	0	0	184
0.817	109	158	120	210	765	2	0	0	0	0	184
0.818	109	158	120	210	765	2	0	0	0	0	184
0.819	109	158	120	210	765	2	0	0	0	0	184
0.82	109	158	120	210	767	2	0	0	0	0	184
0.821	109	158	120	210	770	2	0	0	0	0	184
0.822	109	158	120	210	773	2	0	0	0	0	184
0.823	109	158	120	210	773	2	0	0	0	0	184
0.824	109	158	120	210	773	2	0	0	0	0	184
0.825	109	158	120	210	773	2	0	0	0	0	184
0.826	109	158	120	210	773	2	0	0	0	0	184
0.827	109	158	120	210	773	2	0	0	0	0	184
0.828	109	158	120	210	775	2	0	0	0	0	184
0.829	109	158	120	210	775	2	0	0	0	0	184
0.83	109	158	120	210	776	2	0	0	0	0	184
0.831	109	158	120	210	776	2	0	0	0	0	184
0.832	109	158	120	210	776	2	0	0	0	0	184
0.833	109	158	120	210	777	2	0	0	0	0	184
0.834	109	158	120	210	778	2	0	0	0	0	184
0.835	109	158	120	210	779	2	0	0	0	0	184
0.836	109	158	120	210	779	2	0	0	0	0	184
0.837	109	158	120	210	779	2	0	0	0	0	184
0.838	109	158	120	210	780	2	0	0	0	0	184
0.839	109	158	120	210	780	2	0	0	0	0	184
0.84	109	158	120	210	782	2	0	0	0	0	184
0.841	109	158	120	210	785	2	0	0	0	0	184
0.842	109	158	120	210	785	2	0	0	0	0	184
0.843	109	158	120	210	786	2	0	0	0	0	184
0.844	109	158	120	210	786	2	0	0	0	0	184
0.845	109	158	120	210	788	2	0	0	0	0	184
0.846	109	158	120	210	788	2	0	0	0	0	184
0.847	109	158	120	210	789	2	0	0	0	0	184
0.848	109	158	120	210	791	2	0	0	0	0	184
0.849	109	158	120	210	792	2	0	0	0	0	184
0.85	109	158	120	210	792	2	0	0	0	0	184
0.851	109	158	120	210	792	2	0	0	0	0	184
0.852	109	158	120	210	793	2	0	0	0	0	184
0.853	109	158	120	210	794	2	0	0	0	0	184
0.854	109	158	120	210	794	2	0	0	0	0	184
0.855	109	158	120	210	796	2	0	0	0	0	184
0.856	109	158	120	210	796	2	0	0	0	0	184
0.857	109	158	120	210	796	2	0	0	0	0	184
0.858	109	158	120	210	796	2	0	0	0	0	184
0.859	109	158	120	210	796	2	0	0	0	0	184
0.86	109	158	120	210	797	2	0	0	0	0	184
0.861	109	158	120	210	799	2	0	0	0	0	184
0.862	109	158	120	210	799	2	0	0	0	0	184
0.863	109	158	120	210	800	2	0	0	0	0	184
0.864	109	158	120	210	800	2	0	0	0	0	184
0.865	109	158	120	210	802	2	0	0	0	0	184
0.866	109	158	120	210	803	2	0	0	0	0	184
0.867	109	158	120	210	805	2	0	0	0	0	184
0.868	109	158	120	210	806	2	0	0	0	0	184
0.869	109	158	120	210	806	2	0	0	0	0	184
0.87	109	158	120	210	808	2	0	0	0	0	184
0.871	109	158	120	210	809	2	0	0	0	0	184
0.872	109	158	120	210	809	2	0	0	0	0	184
0.873	109	158	120	210	812	2	0	0	0	0	184
0.874	109	158	120	210	812	2	0	0	0	0	184
0.875	109	158	120	210	814	2	0	0	0	0	184
0.876	109	158	120	210	814	2	0	0	0	0	184
0.877	109	158	120	210	814	2	0	0	0	0	184
0.878	109	158	120	210	814	2	0	0	0	0	184
0.879	109	158	120	210	814	2	0	0	0	0	184
0.88	109	158	120	210	816	2	0	0	0	0	184
0.881	109	158	120	210	817	2	0	0	0	0	184
0.882	109	158	120	210	818	2	0	0	0	0	184
0.883	109	158	120	210	819	2	0	0	0	0	184
0.884	109	158	120	210	819	2	0	0	0	0	184
0.885	109	158	120	210	819	2	0	0	0	0	184
0.886	109	158	120	210	820	2	0	0	0	0	184
0.887	109	158	120	210	820	2	0	0	0	0	184
0.888	109	158	120	210	820	2	0	0	0	0	184
0.889	109	158	120	210	821	2	0	0	0	0	184
0.89	109	158	120	210	821	2	0	0	0	0	184
0.891	109	158	120	210	823	2	0	0	0	0	184
0.892	109	158	120	210	825	2	0	0	0	0	184
0.893	109	158	120	210	825	2	0	0	0	0	184
0.894	109	158	120	210	825	2	0	0	0	0	184
0.895	109	158	120	210	826	2	0	0	0	0	184
0.896	109	158	120	210	826	2	0	0	0	0	184
0.897	109	158	120	210	826	2	0	0	0	0	184
0.898	109	158	120	210	827	2	0	0	0	0	184
0.899	109	158	120	210	827	2	0	0	0	0	184
0.9	109	158	120	210	828	2	0	0	0	0	184
0.901	109	158	120	210	828	2	0	0	0	0	184
0.902	109	158	120	210	831	2	0	0	0	0	184
0.903	109	158	120	210	831	2	0	0	0	0	184
0.904	109	158	120	210	832	2	0	0	0	0	184
0.905	109	158	120	210	834	2	0	0	0	0	184
0.906	109	158	120	210	834	2	0	0	0	0	184
0.907	109	158	120	210	834	2	0	0	0	0	184
0.908	109	158	120	210	834	2	0	0	0	0	184
0.909	109	158	120	210	835	2	0	0	0	0	184
0.91	109	158	120	210	835	2	0	0	0	0	184
0.911	109	158	120	210	837	2	0	0	0	0	184
0.912	109	158	120	210	837	2	0	0	0	0	184
0.913	109	158	120	210	837	2	0	0	0	0	184
0.914	109	158	120	210	837	2	0	0	0	0	184
0.915	109	158	120	210	839	2	0	0	0	0	184
0.916	109	158	120	210	839	2	0	0	0	0	184
0.917	109	158	120	210	841	2	0	0	0	0	184
0.918	109	158	120	210	843	2	0	0	0	0	184
0.919	109	158	120	210	847	2	0	0	0	0	184
0.92	109	158	120	210	847	2	0	0	0	0	184
0.921	109	158	120	210	848	2	0	0	0	0	184
0.922	109	158	120	210	851	2	0	0	0	0	184
0.923	109	158	120	210	851	2	0	0	0	0	184
0.924	109	158	120	210	852	2	0	0	0	0	184
0.925	109	158	120	210	853	2	0	0	0	0	184
0.926	109	158	120	210	853	2	0	0	0	0	184
0.927	109	158	120	210	854	2	0	0	0	0	184
0.928	109	158	120	210	854	2	0	0	0	0	184
0.929	109	158	120	210	856	2	0	0	0	0	184
0.93	109	158	120	210	856	2	0	0	0	0	184
0.931	109	158	120	210	857	2	0	0	0	0	184
0.932	109	158	120	210	858	2	0	0	0	0	184
0.933	109	158	120	210	858	2	0	0	0	0	184
0.934	109	158	120	210	858	2	0	0	0	0	184
0.935	109	158	120	210	859	2	0	0	0	0	184
0.936	109	158	120	210	859	2	0	0	0	0	184
0.937	109	158	120	210	859	2	0	0	0	0	184
0.938	109	158	120	210	863	2	0	0	0	0	184
0.939	109	158	120	210	864	2	0	0	0	0	184
0.94	109	158	120	210	866	2	0	0	0	0	184
0.941	109	158	120	210	869	2	0	0	0	0	184
0.942	109	158	120	210	870	2	0	0	0	0	184
0.943	109	158	120	210	873	2	0	0	0	0	184
0.944	109	158	120	210	874	2	0	0	0	0	184
0.945	109	158	120	210	874	2	0	0	0	0	184
0.946	109	158	120	210	874	2	0	0	0	0	184
0.947	109	158	120	210	877	2	0	0	0	0	184
0.948	109	158	120	210	878	2	0	0	0	0	184
0.949	109	158	120	210	879	2	0	0	0	0	184
0.95	109	158	120	210	880	2	0	0	0	0	184
0.951	109	158	120	210	881	2	0	0	0	0	184
0.952	109	158	120	210	881	2	0	0	0	0	184
0.953	109	158	120	210	881	2	0	0	0	0	184
0.954	109	158	120	210	881	2	0	0	0	0	184
0.955	109	158	120	210	882	2	0	0	0	0	184
0.956	109	158	120	210	882	2	0	0	0	0	184
0.957	109	158	120	210	883	2	0	0	0	0	184
0.958	109	158	120	210	884	2	0	0	0	0	184
0.959	109	158	120	210	885	2	0	0	0	0	184
0.96	109	158	120	210	887	2	0	0	0	0	184
0.961	109	158	120	210	888	2	0	0	0	0	184
0.962	109	158	120	210	888	2	0	0	0	0	184
0.963	109	158	120	210	889	2	0	0	0	0	184
0.964	109	158	120	210	889	2	0	0	0	0	184
0.965	109	158	120	210	891	2	0	0	0	0	184
0.966	109	158	120	210	892	2	0	0	0	0	184
0.967	109	158	120	210	893	2	0	0	0	0	184
0.968	109	158	120	210	896	2	0	0	0	0	184
0.969	109	158	120	210	899	2	0	0	0	0	184
0.97	109	158	120	210	900	2	0	0	0	0	184
0.971	109	158	120	210	901	2	0	0	0	0	184
0.972	109	158	120	210	902	2	0	0	0	0	184
0.973	109	158	120	210	902	2	0	0	0	0	184
0.974	109	158	120	210	902	2	0	0	0	0	184
0.975	109	158	120	210	902	2	0	0	0	0	184
0.976	109	158	120	210	907	2	0	0	0	0	184
0.977	109	158	120	210	908	2	0	0	0	0	184
0.978	109	158	120	210	908	2	0	0	0	0	184
0.979	109	158	120	210	908	2	0	0	0	0	184
0.98	109	158	120	210	909	2	0	0	0	0	184
0.981	109	158	120	210	909	2	0	0	0	0	184
0.982	109	158	120	210	911	2	0	0	0	0	184
0.983	109	158	120	210	911	2	0	0	0	0	184
0.984	109	158	120	210	913	2	0	0	0	0	184
0.985	109	158	120	210	914	2	0	0	0	0	184
0.986	109	158	120	210	915	2	0	0	0	0	184
0.987	109	158	120	210	916	2	0	0	0	0	184
0.988	109	158	120	210	916	2	0	0	0	0	184
0.989	109	158	120	210	918	2	0	0	0	0	184
0.99	109	158	120	210	918	2	0	0	0	0	184
0.991	109	158	120	210	918	2	0	0	0	0	184
0.992	109	158	120	210	919	2	0	0	0	0	184
0.993	109	158	120	210	919	2	0	0	0	0	184
0.994	109	158	120	210	919	2	0	0	0	0	184
0.995	109	158	120	210	920	2	0	0	0	0	184
0.996	109	158	120	210	920	2	0	0	0	0	184
0.997	109	158	120	210	921	2	0	0	0	0	184
0.998	109	158	120	210	921	2	0	0	0	0	184
0.999	109	158	120	210	922	2	0	0	0	0	184
1	109	158	120	210	925	2	0	0	0	0	184
