TIME(s)	'A,A'	'A,B'	'B,B'	Nloops	nOverlapPartner	nOverlapSystem	nOverlapSpanBox	nDisplace2D	nDisplace3D	nDisplace3Dto2D	nAssocSuccess
0	0	0	0	0	0	0	0	0	0	0	0
0.001	6	5	7	2	0	0	0	0	0	0	16
0.002	14	10	9	4	0	0	0	0	0	0	29
0.003	18	13	13	5	0	0	0	0	0	0	39
0.004	25	18	13	10	0	0	0	0	0	0	46
0.005	29	24	24	19	0	0	0	0	0	0	58
0.006	35	30	33	27	0	0	0	0	0	0	71
0.007	38	43	40	38	0	0	0	0	0	0	83
0.008	41	45	41	40	0	0	0	0	0	0	87
0.009	43	51	46	45	1	0	0	0	0	0	95
0.01	46	59	52	55	2	0	0	0	0	0	102
0.011	51	72	55	68	2	0	0	0	0	0	110
0.012	51	79	59	76	6	1	0	0	0	0	113
0.013	57	85	66	88	6	1	0	0	0	0	120
0.014	60	86	69	92	6	1	0	0	0	0	123
0.015	60	88	77	98	6	1	0	0	0	0	127
0.016	61	90	78	100	7	1	0	0	0	0	129
0.017	61	92	79	101	9	1	0	0	0	0	131
0.018	66	105	83	119	12	1	0	0	0	0	135
0.019	66	109	83	121	12	1	0	0	0	0	137
0.02	66	111	83	122	13	1	0	0	0	0	138
0.021	68	111	85	124	16	1	0	0	0	0	140
0.022	68	111	85	124	16	1	0	0	0	0	140
0.023	70	120	89	134	18	1	0	0	0	0	145
0.024	70	120	91	134	21	1	0	0	0	0	147
0.025	74	121	91	137	22	1	0	0	0	0	149
0.026	74	121	91	137	22	1	0	0	0	0	149
0.027	74	121	91	137	23	1	0	0	0	0	149
0.028	74	121	91	137	24	1	0	0	0	0	149
0.029	74	121	91	137	25	1	0	0	0	0	149
0.03	76	123	91	140	25	1	0	0	0	0	150
0.031	76	126	92	142	26	1	0	0	0	0	152
0.032	77	126	94	144	26	1	0	0	0	0	153
0.033	77	126	94	144	27	1	0	0	0	0	153
0.034	78	126	94	144	28	1	0	0	0	0	154
0.035	80	126	94	145	28	1	0	0	0	0	155
0.036	79	126	95	145	28	1	0	0	0	0	156
0.037	80	127	95	146	28	1	0	0	0	0	157
0.038	83	129	97	151	28	1	0	0	0	0	159
0.039	85	129	97	152	29	1	0	0	0	0	160
0.04	86	131	97	154	30	1	0	0	0	0	161
0.041	86	131	97	154	30	1	0	0	0	0	161
0.042	86	131	97	154	34	1	0	0	0	0	161
0.043	86	131	97	154	35	1	0	0	0	0	161
0.044	86	131	97	154	36	1	0	0	0	0	161
0.045	86	132	98	155	36	1	0	0	0	0	162
0.046	86	136	98	158	36	1	0	0	0	0	163
0.047	86	136	98	158	37	2	0	0	0	0	163
0.048	86	136	98	158	38	2	0	0	0	0	163
0.049	86	136	98	158	38	2	0	0	0	0	163
0.05	88	138	98	161	38	2	0	0	0	0	164
0.051	90	139	98	163	41	2	0	0	0	0	165
0.052	90	139	98	163	41	2	0	0	0	0	165
0.053	90	139	101	165	41	2	0	0	0	0	166
0.054	90	139	101	165	41	2	0	0	0	0	166
0.055	90	139	101	165	41	2	0	0	0	0	166
0.056	90	139	101	165	42	2	0	0	0	0	166
0.057	90	139	101	165	43	2	0	0	0	0	166
0.058	90	140	101	165	43	2	0	0	0	0	167
0.059	90	140	101	165	43	2	0	0	0	0	167
0.06	90	141	103	167	44	2	0	0	0	0	168
0.061	90	146	103	171	46	2	0	0	0	0	169
0.062	90	146	103	171	49	2	0	0	0	0	169
0.063	90	146	103	171	49	2	0	0	0	0	169
0.064	90	146	103	171	50	2	0	0	0	0	169
0.065	90	146	103	171	50	2	0	0	0	0	169
0.066	90	146	103	171	51	2	0	0	0	0	169
0.067	90	146	103	171	51	2	0	0	0	0	169
0.068	90	149	103	173	53	2	0	0	0	0	170
0.069	90	149	103	173	56	2	0	0	0	0	170
0.07	90	149	103	173	57	2	0	0	0	0	170
0.071	90	149	103	173	58	2	0	0	0	0	170
0.072	90	149	103	173	58	2	0	0	0	0	170
0.073	90	149	103	173	58	2	0	0	0	0	170
0.074	92	151	103	176	58	2	0	0	0	0	171
0.075	92	151	103	176	58	2	0	0	0	0	171
0.076	96	152	103	179	59	2	0	0	0	0	173
0.077	96	152	103	179	60	2	0	0	0	0	173
0.078	96	152	103	179	62	2	0	0	0	0	173
0.079	96	152	103	179	62	2	0	0	0	0	173
0.08	96	152	103	179	62	2	0	0	0	0	173
0.081	96	152	103	179	62	2	0	0	0	0	173
0.082	96	152	103	179	63	2	0	0	0	0	173
0.083	96	152	103	179	63	2	0	0	0	0	173
0.084	96	152	103	179	63	2	0	0	0	0	173
0.085	96	152	103	179	64	2	0	0	0	0	173
0.086	96	152	103	179	65	2	0	0	0	0	173
0.087	96	152	103	179	68	2	0	0	0	0	173
0.088	100	153	104	184	69	2	0	0	0	0	174
0.089	100	153	104	184	72	2	0	0	0	0	174
0.09	100	153	104	184	73	2	0	0	0	0	174
0.091	100	153	104	184	74	2	0	0	0	0	174
0.092	100	153	104	184	74	2	0	0	0	0	174
0.093	100	153	104	184	75	2	0	0	0	0	174
0.094	100	153	104	184	78	2	0	0	0	0	174
0.095	100	153	104	184	81	2	0	0	0	0	174
0.096	100	153	104	184	84	2	0	0	0	0	174
0.097	100	153	104	184	84	2	0	0	0	0	174
0.098	101	155	104	186	85	2	0	0	0	0	175
0.099	101	155	104	186	86	2	0	0	0	0	175
0.1	101	155	104	186	86	2	0	0	0	0	175
0.101	101	155	104	186	91	2	0	0	0	0	175
0.102	101	155	104	186	91	2	0	0	0	0	175
0.103	101	155	104	186	92	2	0	0	0	0	175
0.104	101	155	104	186	92	2	0	0	0	0	175
0.105	101	155	104	186	96	2	0	0	0	0	175
0.106	101	155	104	186	97	2	0	0	0	0	175
0.107	101	155	104	186	97	2	0	0	0	0	175
0.108	101	155	104	186	97	2	0	0	0	0	175
0.109	101	155	104	186	97	2	0	0	0	0	175
0.11	105	158	104	192	98	2	0	0	0	0	176
0.111	105	158	104	192	102	2	0	0	0	0	176
0.112	105	158	104	192	103	2	0	0	0	0	176
0.113	105	158	104	192	103	2	0	0	0	0	176
0.114	105	158	104	192	106	2	0	0	0	0	176
0.115	105	158	104	192	107	2	0	0	0	0	176
0.116	105	158	104	192	108	2	0	0	0	0	176
0.117	105	158	104	192	108	2	0	0	0	0	176
0.118	105	158	104	192	109	2	0	0	0	0	176
0.119	105	158	104	192	109	2	0	0	0	0	176
0.12	105	158	104	192	109	2	0	0	0	0	176
0.121	105	158	104	192	109	2	0	0	0	0	176
0.122	105	158	104	192	109	2	0	0	0	0	176
0.123	105	158	104	192	111	2	0	0	0	0	176
0.124	105	158	104	192	112	2	0	0	0	0	176
0.125	105	158	104	192	112	2	0	0	0	0	176
0.126	105	158	104	192	114	2	0	0	0	0	176
0.127	105	158	104	192	114	2	0	0	0	0	176
0.128	105	158	104	192	116	2	0	0	0	0	176
0.129	105	158	104	192	116	2	0	0	0	0	176
0.13	105	158	104	192	117	2	0	0	0	0	176
0.131	105	158	104	192	118	2	0	0	0	0	176
0.132	105	158	104	192	118	2	0	0	0	0	176
0.133	105	158	104	192	118	2	0	0	0	0	176
0.134	105	158	104	192	118	2	0	0	0	0	176
0.135	105	158	104	192	118	2	0	0	0	0	176
0.136	105	158	104	192	119	2	0	0	0	0	176
0.137	105	158	104	192	124	2	0	0	0	0	176
0.138	105	160	106	195	125	2	0	0	0	0	177
0.139	105	160	106	195	125	2	0	0	0	0	177
0.14	105	160	106	195	125	2	0	0	0	0	177
0.141	105	160	106	195	128	2	0	0	0	0	177
0.142	105	160	106	195	134	2	0	0	0	0	177
0.143	105	160	106	195	135	2	0	0	0	0	177
0.144	105	160	106	195	135	2	0	0	0	0	177
0.145	105	160	106	195	137	2	0	0	0	0	177
0.146	105	160	105	195	137	2	0	0	0	0	177
0.147	105	160	105	195	139	2	0	0	0	0	177
0.148	105	160	105	195	141	2	0	0	0	0	177
0.149	105	160	105	195	141	2	0	0	0	0	177
0.15	105	160	105	195	141	2	0	0	0	0	177
0.151	105	160	105	195	142	2	0	0	0	0	177
0.152	105	160	105	195	143	2	0	0	0	0	177
0.153	105	160	105	195	144	2	0	0	0	0	177
0.154	105	160	105	195	144	2	0	0	0	0	177
0.155	105	160	105	195	145	2	0	0	0	0	177
0.156	105	160	105	195	145	2	0	0	0	0	177
0.157	105	162	107	198	148	2	0	0	0	0	178
0.158	105	162	107	198	148	2	0	0	0	0	178
0.159	105	162	107	198	149	2	0	0	0	0	178
0.16	105	162	107	198	149	2	0	0	0	0	178
0.161	105	162	107	198	150	2	0	0	0	0	178
0.162	105	162	107	198	152	2	0	0	0	0	178
0.163	105	162	107	198	152	2	0	0	0	0	178
0.164	105	162	107	198	152	2	0	0	0	0	178
0.165	105	162	107	198	153	2	0	0	0	0	178
0.166	105	162	107	198	153	2	0	0	0	0	178
0.167	105	162	107	198	153	2	0	0	0	0	178
0.168	105	162	107	198	153	2	0	0	0	0	178
0.169	105	162	107	198	153	2	0	0	0	0	178
0.17	108	166	110	207	153	2	0	0	0	0	179
0.171	108	166	110	207	153	2	0	0	0	0	179
0.172	108	166	110	207	155	2	0	0	0	0	179
0.173	108	166	110	207	155	2	0	0	0	0	179
0.174	108	166	110	207	155	2	0	0	0	0	179
0.175	108	166	110	207	155	2	0	0	0	0	179
0.176	108	166	110	207	155	2	0	0	0	0	179
0.177	108	166	110	207	157	2	0	0	0	0	179
0.178	108	166	110	207	157	2	0	0	0	0	179
0.179	108	166	110	207	158	2	0	0	0	0	179
0.18	108	166	110	207	158	2	0	0	0	0	179
0.181	108	166	110	207	158	2	0	0	0	0	179
0.182	108	166	110	207	158	2	0	0	0	0	179
0.183	108	166	110	207	158	2	0	0	0	0	179
0.184	108	166	110	207	158	2	0	0	0	0	179
0.185	108	166	110	207	159	2	0	0	0	0	179
0.186	108	166	110	207	159	2	0	0	0	0	179
0.187	108	166	110	207	159	2	0	0	0	0	179
0.188	108	166	110	207	160	2	0	0	0	0	179
0.189	108	166	110	207	161	2	0	0	0	0	179
0.19	108	166	110	207	162	2	0	0	0	0	179
0.191	108	166	110	207	163	2	0	0	0	0	179
0.192	108	166	110	207	165	2	0	0	0	0	179
0.193	108	166	110	207	165	2	0	0	0	0	179
0.194	108	166	110	207	165	2	0	0	0	0	179
0.195	108	166	110	207	166	2	0	0	0	0	179
0.196	108	166	110	207	166	2	0	0	0	0	179
0.197	108	166	110	207	167	2	0	0	0	0	179
0.198	107	166	110	207	168	2	0	0	0	0	179
0.199	107	166	110	207	169	2	0	0	0	0	179
0.2	107	166	110	207	170	2	0	0	0	0	179
0.201	107	166	110	207	172	2	0	0	0	0	179
0.202	107	166	110	207	173	2	0	0	0	0	179
0.203	107	166	110	207	173	2	0	0	0	0	179
0.204	107	166	110	207	173	2	0	0	0	0	179
0.205	107	166	110	207	173	2	0	0	0	0	179
0.206	107	166	110	207	176	2	0	0	0	0	179
0.207	107	166	110	207	176	2	0	0	0	0	179
0.208	107	166	110	207	176	2	0	0	0	0	179
0.209	107	166	110	207	177	2	0	0	0	0	179
0.21	107	166	110	207	177	2	0	0	0	0	179
0.211	107	166	110	207	178	2	0	0	0	0	179
0.212	107	166	110	207	179	2	0	0	0	0	179
0.213	107	166	110	207	179	2	0	0	0	0	179
0.214	107	166	110	207	181	2	0	0	0	0	179
0.215	107	166	110	207	182	2	0	0	0	0	179
0.216	107	166	110	207	184	2	0	0	0	0	179
0.217	107	176	110	216	186	2	0	0	0	0	180
0.218	107	176	110	216	188	2	0	0	0	0	180
0.219	107	176	110	216	189	2	0	0	0	0	180
0.22	107	176	110	216	190	2	0	0	0	0	180
0.221	107	176	110	216	190	2	0	0	0	0	180
0.222	107	176	110	216	191	2	0	0	0	0	180
0.223	107	176	110	216	192	2	0	0	0	0	180
0.224	107	176	110	216	192	2	0	0	0	0	180
0.225	107	176	110	216	193	2	0	0	0	0	180
0.226	107	176	110	216	193	2	0	0	0	0	180
0.227	107	176	110	216	194	2	0	0	0	0	180
0.228	107	176	110	216	194	2	0	0	0	0	180
0.229	107	176	110	216	195	2	0	0	0	0	180
0.23	107	176	110	216	197	2	0	0	0	0	180
0.231	107	176	110	216	199	2	0	0	0	0	180
0.232	107	176	110	216	201	2	0	0	0	0	180
0.233	107	176	110	216	204	2	0	0	0	0	180
0.234	107	176	110	216	204	2	0	0	0	0	180
0.235	107	176	110	216	204	2	0	0	0	0	180
0.236	107	176	110	216	204	2	0	0	0	0	180
0.237	107	176	110	216	205	2	0	0	0	0	180
0.238	107	176	110	216	206	2	0	0	0	0	180
0.239	107	176	110	216	206	2	0	0	0	0	180
0.24	107	176	110	216	206	2	0	0	0	0	180
0.241	107	176	110	216	207	2	0	0	0	0	180
0.242	107	176	110	216	207	2	0	0	0	0	180
0.243	107	176	110	216	209	2	0	0	0	0	180
0.244	107	176	110	216	210	2	0	0	0	0	180
0.245	107	176	110	216	210	2	0	0	0	0	180
0.246	107	176	110	216	210	2	0	0	0	0	180
0.247	107	176	110	216	210	2	0	0	0	0	180
0.248	108	179	110	219	210	2	0	0	0	0	181
0.249	108	179	110	219	210	2	0	0	0	0	181
0.25	108	179	110	219	212	2	0	0	0	0	181
0.251	108	179	110	219	213	2	0	0	0	0	181
0.252	108	179	110	219	214	2	0	0	0	0	181
0.253	108	179	110	219	215	2	0	0	0	0	181
0.254	108	179	110	219	215	2	0	0	0	0	181
0.255	108	179	110	219	215	2	0	0	0	0	181
0.256	108	179	110	219	215	2	0	0	0	0	181
0.257	108	179	110	219	215	2	0	0	0	0	181
0.258	108	179	110	219	215	2	0	0	0	0	181
0.259	108	179	110	219	215	2	0	0	0	0	181
0.26	108	179	110	219	215	2	0	0	0	0	181
0.261	108	179	110	219	216	2	0	0	0	0	181
0.262	108	179	110	219	216	2	0	0	0	0	181
0.263	108	179	110	219	217	2	0	0	0	0	181
0.264	108	179	110	219	218	2	0	0	0	0	181
0.265	108	179	110	219	220	2	0	0	0	0	181
0.266	108	179	110	219	221	2	0	0	0	0	181
0.267	108	179	110	219	221	2	0	0	0	0	181
0.268	108	179	110	219	221	2	0	0	0	0	181
0.269	108	179	110	219	221	2	0	0	0	0	181
0.27	108	179	110	219	223	2	0	0	0	0	181
0.271	108	179	110	219	223	2	0	0	0	0	181
0.272	108	179	110	219	223	2	0	0	0	0	181
0.273	108	179	110	219	223	2	0	0	0	0	181
0.274	108	179	110	219	223	2	0	0	0	0	181
0.275	108	179	110	219	225	2	0	0	0	0	181
0.276	108	179	110	219	227	2	0	0	0	0	181
0.277	108	179	110	219	228	2	0	0	0	0	181
0.278	108	179	110	219	228	2	0	0	0	0	181
0.279	108	179	110	219	229	2	0	0	0	0	181
0.28	108	179	110	219	229	2	0	0	0	0	181
0.281	108	179	110	219	229	2	0	0	0	0	181
0.282	108	179	110	219	229	2	0	0	0	0	181
0.283	108	185	112	226	230	2	0	0	0	0	182
0.284	108	185	112	226	231	2	0	0	0	0	182
0.285	108	185	112	226	231	2	0	0	0	0	182
0.286	108	185	112	226	236	2	0	0	0	0	182
0.287	108	185	112	226	236	2	0	0	0	0	182
0.288	108	185	112	226	236	2	0	0	0	0	182
0.289	108	185	112	226	236	2	0	0	0	0	182
0.29	108	185	112	226	236	2	0	0	0	0	182
0.291	108	185	112	226	239	2	0	0	0	0	182
0.292	108	185	112	226	239	2	0	0	0	0	182
0.293	108	185	112	226	239	2	0	0	0	0	182
0.294	108	185	112	226	239	2	0	0	0	0	182
0.295	108	185	112	226	239	2	0	0	0	0	182
0.296	108	185	112	226	239	2	0	0	0	0	182
0.297	108	185	112	226	240	2	0	0	0	0	182
0.298	108	185	112	226	241	2	0	0	0	0	182
0.299	108	185	112	226	242	2	0	0	0	0	182
0.3	108	185	112	226	242	2	0	0	0	0	182
0.301	108	185	112	226	242	2	0	0	0	0	182
0.302	108	185	112	226	242	2	0	0	0	0	182
0.303	108	185	112	226	242	2	0	0	0	0	182
0.304	108	185	112	226	242	2	0	0	0	0	182
0.305	108	185	112	226	248	2	0	0	0	0	182
0.306	108	185	112	226	249	2	0	0	0	0	182
0.307	108	185	112	226	251	2	0	0	0	0	182
0.308	108	185	112	226	251	2	0	0	0	0	182
0.309	108	185	112	226	252	2	0	0	0	0	182
0.31	108	185	112	226	252	2	0	0	0	0	182
0.311	108	185	112	226	252	2	0	0	0	0	182
0.312	108	185	112	226	253	2	0	0	0	0	182
0.313	108	185	112	226	255	2	0	0	0	0	182
0.314	108	185	112	226	255	2	0	0	0	0	182
0.315	108	185	112	226	255	2	0	0	0	0	182
0.316	108	185	112	226	257	2	0	0	0	0	182
0.317	108	185	112	226	257	2	0	0	0	0	182
0.318	108	185	112	226	257	2	0	0	0	0	182
0.319	108	185	112	226	257	2	0	0	0	0	182
0.32	108	185	112	226	257	2	0	0	0	0	182
0.321	108	185	112	226	257	2	0	0	0	0	182
0.322	108	185	112	226	257	2	0	0	0	0	182
0.323	108	185	112	226	257	2	0	0	0	0	182
0.324	108	185	112	226	258	2	0	0	0	0	182
0.325	108	185	112	226	258	2	0	0	0	0	182
0.326	108	185	112	226	258	2	0	0	0	0	182
0.327	108	185	112	226	260	2	0	0	0	0	182
0.328	108	185	112	226	260	2	0	0	0	0	182
0.329	108	185	112	226	260	2	0	0	0	0	182
0.33	108	185	112	226	260	2	0	0	0	0	182
0.331	108	185	112	226	261	2	0	0	0	0	182
0.332	108	185	112	226	262	2	0	0	0	0	182
0.333	108	185	112	226	262	2	0	0	0	0	182
0.334	108	185	112	226	262	2	0	0	0	0	182
0.335	108	185	112	226	264	2	0	0	0	0	182
0.336	108	185	112	226	265	2	0	0	0	0	182
0.337	108	185	112	226	266	2	0	0	0	0	182
0.338	108	185	112	226	267	2	0	0	0	0	182
0.339	108	185	112	226	267	2	0	0	0	0	182
0.34	108	185	112	226	269	2	0	0	0	0	182
0.341	108	185	112	226	270	2	0	0	0	0	182
0.342	108	185	112	226	273	2	0	0	0	0	182
0.343	108	185	112	226	273	2	0	0	0	0	182
0.344	108	185	112	226	274	2	0	0	0	0	182
0.345	108	185	112	226	274	2	0	0	0	0	182
0.346	108	185	112	226	274	2	0	0	0	0	182
0.347	108	185	112	226	277	2	0	0	0	0	182
0.348	108	185	112	226	277	2	0	0	0	0	182
0.349	108	185	112	226	278	2	0	0	0	0	182
0.35	108	185	112	226	278	2	0	0	0	0	182
0.351	108	185	112	226	281	2	0	0	0	0	182
0.352	108	185	112	226	282	2	0	0	0	0	182
0.353	108	185	112	226	283	2	0	0	0	0	182
0.354	108	185	112	226	284	2	0	0	0	0	182
0.355	108	185	112	226	285	2	0	0	0	0	182
0.356	108	185	112	226	285	2	0	0	0	0	182
0.357	108	185	112	226	285	2	0	0	0	0	182
0.358	108	185	112	226	286	2	0	0	0	0	182
0.359	108	185	112	226	286	2	0	0	0	0	182
0.36	108	185	112	226	286	2	0	0	0	0	182
0.361	108	185	112	226	288	2	0	0	0	0	182
0.362	108	185	112	226	288	2	0	0	0	0	182
0.363	108	185	112	226	288	2	0	0	0	0	182
0.364	108	185	112	226	288	2	0	0	0	0	182
0.365	108	185	112	226	288	2	0	0	0	0	182
0.366	108	185	112	226	288	2	0	0	0	0	182
0.367	108	185	112	226	288	2	0	0	0	0	182
0.368	108	185	112	226	289	2	0	0	0	0	182
0.369	108	185	112	226	292	2	0	0	0	0	182
0.37	108	185	112	226	293	2	0	0	0	0	182
0.371	108	185	112	226	293	2	0	0	0	0	182
0.372	108	185	112	226	294	2	0	0	0	0	182
0.373	108	185	112	226	294	2	0	0	0	0	182
0.374	108	185	112	226	294	2	0	0	0	0	182
0.375	108	185	112	226	294	2	0	0	0	0	182
0.376	108	185	112	226	295	2	0	0	0	0	182
0.377	108	185	112	226	295	2	0	0	0	0	182
0.378	108	185	112	226	295	2	0	0	0	0	182
0.379	108	185	112	226	295	2	0	0	0	0	182
0.38	108	185	112	226	295	2	0	0	0	0	182
0.381	108	185	112	226	296	2	0	0	0	0	182
0.382	108	185	112	226	296	2	0	0	0	0	182
0.383	108	185	112	226	297	2	0	0	0	0	182
0.384	108	185	112	226	297	2	0	0	0	0	182
0.385	108	185	112	226	298	2	0	0	0	0	182
0.386	108	185	112	226	299	2	0	0	0	0	182
0.387	108	185	112	226	299	2	0	0	0	0	182
0.388	108	185	112	226	299	2	0	0	0	0	182
0.389	108	185	112	226	299	2	0	0	0	0	182
0.39	108	185	112	226	299	2	0	0	0	0	182
0.391	108	185	112	226	299	2	0	0	0	0	182
0.392	108	185	112	226	299	2	0	0	0	0	182
0.393	108	185	112	226	299	2	0	0	0	0	182
0.394	108	185	112	226	299	2	0	0	0	0	182
0.395	108	185	112	226	299	2	0	0	0	0	182
0.396	108	185	112	226	299	2	0	0	0	0	182
0.397	108	185	112	226	300	2	0	0	0	0	182
0.398	108	185	112	226	300	2	0	0	0	0	182
0.399	108	185	112	226	300	2	0	0	0	0	182
0.4	108	185	112	226	300	2	0	0	0	0	182
0.401	108	185	112	226	300	2	0	0	0	0	182
0.402	108	185	112	226	300	2	0	0	0	0	182
0.403	108	185	112	226	300	2	0	0	0	0	182
0.404	108	185	112	226	300	2	0	0	0	0	182
0.405	108	185	112	226	301	2	0	0	0	0	182
0.406	108	185	112	226	302	2	0	0	0	0	182
0.407	108	185	112	226	302	2	0	0	0	0	182
0.408	108	185	112	226	302	2	0	0	0	0	182
0.409	108	185	112	226	302	2	0	0	0	0	182
0.41	108	185	112	226	302	2	0	0	0	0	182
0.411	108	185	112	226	302	2	0	0	0	0	182
0.412	108	185	112	226	302	2	0	0	0	0	182
0.413	108	185	112	226	302	2	0	0	0	0	182
0.414	108	185	112	226	302	2	0	0	0	0	182
0.415	108	185	112	226	304	2	0	0	0	0	182
0.416	108	185	112	226	306	2	0	0	0	0	182
0.417	108	185	112	226	307	2	0	0	0	0	182
0.418	108	185	112	226	310	2	0	0	0	0	182
0.419	108	185	112	226	310	2	0	0	0	0	182
0.42	108	185	112	226	311	2	0	0	0	0	182
0.421	108	185	112	226	312	2	0	0	0	0	182
0.422	108	185	112	226	312	2	0	0	0	0	182
0.423	108	185	112	226	312	2	0	0	0	0	182
0.424	108	185	112	226	312	2	0	0	0	0	182
0.425	108	185	112	226	312	2	0	0	0	0	182
0.426	108	185	112	226	314	2	0	0	0	0	182
0.427	108	185	112	226	314	2	0	0	0	0	182
0.428	108	185	112	226	314	2	0	0	0	0	182
0.429	108	185	112	226	315	2	0	0	0	0	182
0.43	108	185	112	226	315	2	0	0	0	0	182
0.431	108	185	112	226	315	2	0	0	0	0	182
0.432	108	185	112	226	315	2	0	0	0	0	182
0.433	108	185	112	226	315	2	0	0	0	0	182
0.434	108	185	112	226	317	2	0	0	0	0	182
0.435	108	185	112	226	317	2	0	0	0	0	182
0.436	108	185	112	226	317	2	0	0	0	0	182
0.437	108	185	112	226	317	2	0	0	0	0	182
0.438	108	185	112	226	318	2	0	0	0	0	182
0.439	108	185	112	226	319	2	0	0	0	0	182
0.44	108	185	112	226	320	2	0	0	0	0	182
0.441	108	185	112	226	321	2	0	0	0	0	182
0.442	108	185	112	226	321	2	0	0	0	0	182
0.443	108	185	112	226	321	2	0	0	0	0	182
0.444	108	185	112	226	321	2	0	0	0	0	182
0.445	108	185	112	226	321	2	0	0	0	0	182
0.446	108	185	112	226	321	2	0	0	0	0	182
0.447	108	185	112	226	321	2	0	0	0	0	182
0.448	108	185	112	226	321	2	0	0	0	0	182
0.449	108	185	112	226	323	2	0	0	0	0	182
0.45	108	185	112	226	324	2	0	0	0	0	182
0.451	108	185	112	226	324	2	0	0	0	0	182
0.452	108	185	112	226	325	2	0	0	0	0	182
0.453	108	185	112	226	326	2	0	0	0	0	182
0.454	108	185	112	226	327	2	0	0	0	0	182
0.455	108	185	112	226	328	2	0	0	0	0	182
0.456	108	185	112	226	329	2	0	0	0	0	182
0.457	108	185	112	226	329	2	0	0	0	0	182
0.458	108	185	112	226	329	2	0	0	0	0	182
0.459	108	185	112	226	329	2	0	0	0	0	182
0.46	108	185	112	226	330	2	0	0	0	0	182
0.461	108	185	112	226	330	2	0	0	0	0	182
0.462	108	185	112	226	330	2	0	0	0	0	182
0.463	108	185	112	226	330	2	0	0	0	0	182
0.464	108	185	112	226	331	2	0	0	0	0	182
0.465	108	185	112	226	331	2	0	0	0	0	182
0.466	108	185	112	226	332	2	0	0	0	0	182
0.467	108	185	112	226	332	2	0	0	0	0	182
0.468	108	185	112	226	332	2	0	0	0	0	182
0.469	108	185	112	226	333	2	0	0	0	0	182
0.47	108	185	112	226	334	2	0	0	0	0	182
0.471	108	185	112	226	335	2	0	0	0	0	182
0.472	108	185	112	226	336	2	0	0	0	0	182
0.473	108	185	112	226	337	2	0	0	0	0	182
0.474	108	185	112	226	337	2	0	0	0	0	182
0.475	108	185	112	226	337	2	0	0	0	0	182
0.476	108	185	112	226	337	2	0	0	0	0	182
0.477	108	185	112	226	337	2	0	0	0	0	182
0.478	108	185	112	226	337	2	0	0	0	0	182
0.479	108	185	112	226	339	2	0	0	0	0	182
0.48	108	185	112	226	340	2	0	0	0	0	182
0.481	108	185	112	226	340	2	0	0	0	0	182
0.482	108	185	112	226	340	2	0	0	0	0	182
0.483	108	185	112	226	340	2	0	0	0	0	182
0.484	108	185	112	226	340	2	0	0	0	0	182
0.485	108	185	112	226	340	2	0	0	0	0	182
0.486	108	185	112	226	341	2	0	0	0	0	182
0.487	108	185	112	226	342	2	0	0	0	0	182
0.488	108	185	112	226	342	2	0	0	0	0	182
0.489	108	185	112	226	343	2	0	0	0	0	182
0.49	108	185	112	226	343	2	0	0	0	0	182
0.491	108	185	112	226	343	2	0	0	0	0	182
0.492	108	185	112	226	343	2	0	0	0	0	182
0.493	108	185	112	226	343	2	0	0	0	0	182
0.494	108	185	112	226	344	2	0	0	0	0	182
0.495	108	185	112	226	345	2	0	0	0	0	182
0.496	108	185	112	226	346	2	0	0	0	0	182
0.497	108	185	112	226	347	2	0	0	0	0	182
0.498	108	185	112	226	347	2	0	0	0	0	182
0.499	108	185	112	226	347	2	0	0	0	0	182
0.5	108	185	112	226	347	2	0	0	0	0	182
0.501	108	185	112	226	348	2	0	0	0	0	182
0.502	108	185	112	226	348	2	0	0	0	0	182
0.503	108	185	112	226	348	2	0	0	0	0	182
0.504	108	185	112	226	349	2	0	0	0	0	182
0.505	108	185	112	226	349	2	0	0	0	0	182
0.506	108	185	112	226	349	2	0	0	0	0	182
0.507	108	185	112	226	349	2	0	0	0	0	182
0.508	108	185	112	226	349	2	0	0	0	0	182
0.509	108	185	112	226	350	2	0	0	0	0	182
0.51	108	185	112	226	350	2	0	0	0	0	182
0.511	108	185	112	226	350	2	0	0	0	0	182
0.512	108	185	112	226	351	2	0	0	0	0	182
0.513	108	185	112	226	351	2	0	0	0	0	182
0.514	108	185	112	226	352	2	0	0	0	0	182
0.515	108	185	112	226	352	2	0	0	0	0	182
0.516	108	185	112	226	353	2	0	0	0	0	182
0.517	108	185	112	226	353	2	0	0	0	0	182
0.518	108	185	112	226	353	2	0	0	0	0	182
0.519	108	185	112	226	353	2	0	0	0	0	182
0.52	108	185	112	226	353	2	0	0	0	0	182
0.521	108	185	112	226	354	2	0	0	0	0	182
0.522	108	185	112	226	354	2	0	0	0	0	182
0.523	108	185	112	226	354	2	0	0	0	0	182
0.524	108	185	112	226	355	2	0	0	0	0	182
0.525	108	185	112	226	355	2	0	0	0	0	182
0.526	108	185	112	226	356	2	0	0	0	0	182
0.527	108	185	112	226	356	2	0	0	0	0	182
0.528	108	185	112	226	356	2	0	0	0	0	182
0.529	108	185	112	226	356	2	0	0	0	0	182
0.53	108	185	112	226	356	2	0	0	0	0	182
0.531	108	185	112	226	356	2	0	0	0	0	182
0.532	108	185	112	226	356	2	0	0	0	0	182
0.533	108	185	112	226	357	2	0	0	0	0	182
0.534	108	185	112	226	357	2	0	0	0	0	182
0.535	108	185	112	226	358	2	0	0	0	0	182
0.536	108	185	112	226	358	2	0	0	0	0	182
0.537	108	185	112	226	358	2	0	0	0	0	182
0.538	108	185	112	226	359	2	0	0	0	0	182
0.539	108	185	112	226	360	2	0	0	0	0	182
0.54	108	185	112	226	361	2	0	0	0	0	182
0.541	108	185	112	226	361	2	0	0	0	0	182
0.542	108	185	112	226	362	2	0	0	0	0	182
0.543	108	185	112	226	362	2	0	0	0	0	182
0.544	108	185	112	226	362	2	0	0	0	0	182
0.545	108	185	112	226	363	2	0	0	0	0	182
0.546	108	185	112	226	364	2	0	0	0	0	182
0.547	108	185	112	226	364	2	0	0	0	0	182
0.548	108	185	112	226	364	2	0	0	0	0	182
0.549	108	185	112	226	367	2	0	0	0	0	182
0.55	108	185	112	226	367	2	0	0	0	0	182
0.551	108	185	112	226	367	2	0	0	0	0	182
0.552	108	185	112	226	367	2	0	0	0	0	182
0.553	108	185	112	226	367	2	0	0	0	0	182
0.554	108	185	112	226	367	2	0	0	0	0	182
0.555	108	185	112	226	369	2	0	0	0	0	182
0.556	108	185	112	226	369	2	0	0	0	0	182
0.557	108	185	112	226	369	2	0	0	0	0	182
0.558	108	185	112	226	369	2	0	0	0	0	182
0.559	108	185	112	226	369	2	0	0	0	0	182
0.56	108	185	112	226	369	2	0	0	0	0	182
0.561	108	185	112	226	370	2	0	0	0	0	182
0.562	108	185	112	226	370	2	0	0	0	0	182
0.563	108	185	112	226	370	2	0	0	0	0	182
0.564	108	185	112	226	372	2	0	0	0	0	182
0.565	108	185	112	226	373	2	0	0	0	0	182
0.566	108	185	112	226	374	2	0	0	0	0	182
0.567	108	185	112	226	375	2	0	0	0	0	182
0.568	108	185	112	226	375	2	0	0	0	0	182
0.569	108	185	112	226	375	2	0	0	0	0	182
0.57	108	185	112	226	375	2	0	0	0	0	182
0.571	108	185	112	226	375	2	0	0	0	0	182
0.572	108	185	112	226	375	2	0	0	0	0	182
0.573	108	185	112	226	375	2	0	0	0	0	182
0.574	108	185	112	226	375	2	0	0	0	0	182
0.575	108	185	112	226	375	2	0	0	0	0	182
0.576	108	185	112	226	375	2	0	0	0	0	182
0.577	108	185	112	226	375	2	0	0	0	0	182
0.578	108	185	112	226	376	2	0	0	0	0	182
0.579	108	185	112	226	376	2	0	0	0	0	182
0.58	108	185	112	226	376	2	0	0	0	0	182
0.581	108	185	112	226	376	2	0	0	0	0	182
0.582	108	185	112	226	376	2	0	0	0	0	182
0.583	108	185	112	226	376	2	0	0	0	0	182
0.584	108	185	112	226	376	2	0	0	0	0	182
0.585	108	185	112	226	377	2	0	0	0	0	182
0.586	108	185	112	226	377	2	0	0	0	0	182
0.587	108	185	112	226	377	2	0	0	0	0	182
0.588	108	185	112	226	377	2	0	0	0	0	182
0.589	108	185	112	226	377	2	0	0	0	0	182
0.59	108	185	112	226	377	2	0	0	0	0	182
0.591	108	185	112	226	378	2	0	0	0	0	182
0.592	108	185	112	226	378	2	0	0	0	0	182
0.593	108	185	112	226	378	2	0	0	0	0	182
0.594	108	185	112	226	378	2	0	0	0	0	182
0.595	108	185	112	226	378	2	0	0	0	0	182
0.596	108	185	112	226	380	2	0	0	0	0	182
0.597	108	185	112	226	380	2	0	0	0	0	182
0.598	108	185	112	226	381	2	0	0	0	0	182
0.599	108	185	112	226	381	2	0	0	0	0	182
0.6	108	185	112	226	382	2	0	0	0	0	182
0.601	108	185	112	226	382	2	0	0	0	0	182
0.602	108	185	112	226	383	2	0	0	0	0	182
0.603	108	185	112	226	385	2	0	0	0	0	182
0.604	108	185	112	226	387	2	0	0	0	0	182
0.605	108	185	112	226	388	2	0	0	0	0	182
0.606	108	185	112	226	388	2	0	0	0	0	182
0.607	108	185	112	226	389	2	0	0	0	0	182
0.608	108	185	112	226	389	2	0	0	0	0	182
0.609	108	185	112	226	389	2	0	0	0	0	182
0.61	108	185	112	226	392	2	0	0	0	0	182
0.611	108	185	112	226	392	2	0	0	0	0	182
0.612	108	185	112	226	392	2	0	0	0	0	182
0.613	108	185	112	226	393	2	0	0	0	0	182
0.614	108	185	112	226	393	2	0	0	0	0	182
0.615	108	185	112	226	393	2	0	0	0	0	182
0.616	108	185	112	226	393	2	0	0	0	0	182
0.617	108	185	112	226	393	2	0	0	0	0	182
0.618	108	185	112	226	393	2	0	0	0	0	182
0.619	108	185	112	226	393	2	0	0	0	0	182
0.62	108	185	112	226	395	2	0	0	0	0	182
0.621	108	185	112	226	396	2	0	0	0	0	182
0.622	108	185	112	226	396	2	0	0	0	0	182
0.623	108	185	112	226	397	2	0	0	0	0	182
0.624	108	185	112	226	397	2	0	0	0	0	182
0.625	108	185	112	226	399	2	0	0	0	0	182
0.626	108	185	112	226	400	2	0	0	0	0	182
0.627	108	185	112	226	400	2	0	0	0	0	182
0.628	108	185	112	226	401	2	0	0	0	0	182
0.629	108	185	112	226	401	2	0	0	0	0	182
0.63	108	185	112	226	401	2	0	0	0	0	182
0.631	108	185	112	226	401	2	0	0	0	0	182
0.632	108	185	112	226	401	2	0	0	0	0	182
0.633	108	185	112	226	401	2	0	0	0	0	182
0.634	108	185	112	226	402	2	0	0	0	0	182
0.635	108	185	112	226	402	2	0	0	0	0	182
0.636	108	185	112	226	403	2	0	0	0	0	182
0.637	108	185	112	226	409	2	0	0	0	0	182
0.638	108	185	112	226	409	2	0	0	0	0	182
0.639	108	185	112	226	410	2	0	0	0	0	182
0.64	108	185	112	226	412	2	0	0	0	0	182
0.641	108	185	112	226	412	2	0	0	0	0	182
0.642	108	185	112	226	413	2	0	0	0	0	182
0.643	108	185	112	226	413	2	0	0	0	0	182
0.644	108	185	112	226	413	2	0	0	0	0	182
0.645	108	185	112	226	414	2	0	0	0	0	182
0.646	108	185	112	226	414	2	0	0	0	0	182
0.647	108	185	112	226	414	2	0	0	0	0	182
0.648	108	185	112	226	414	2	0	0	0	0	182
0.649	108	185	112	226	415	2	0	0	0	0	182
0.65	108	185	112	226	416	2	0	0	0	0	182
0.651	108	185	112	226	416	2	0	0	0	0	182
0.652	108	185	112	226	416	2	0	0	0	0	182
0.653	108	185	112	226	417	2	0	0	0	0	182
0.654	108	185	112	226	417	2	0	0	0	0	182
0.655	108	185	112	226	417	2	0	0	0	0	182
0.656	108	185	112	226	417	2	0	0	0	0	182
0.657	108	185	112	226	417	2	0	0	0	0	182
0.658	108	185	112	226	417	2	0	0	0	0	182
0.659	108	185	112	226	417	2	0	0	0	0	182
0.66	108	185	112	226	417	2	0	0	0	0	182
0.661	108	185	112	226	418	2	0	0	0	0	182
0.662	108	185	112	226	419	2	0	0	0	0	182
0.663	108	185	112	226	419	2	0	0	0	0	182
0.664	108	185	112	226	419	2	0	0	0	0	182
0.665	108	185	112	226	419	2	0	0	0	0	182
0.666	108	185	112	226	419	2	0	0	0	0	182
0.667	108	185	112	226	419	2	0	0	0	0	182
0.668	108	185	112	226	419	2	0	0	0	0	182
0.669	108	185	112	226	419	2	0	0	0	0	182
0.67	108	185	112	226	420	2	0	0	0	0	182
0.671	108	185	112	226	420	2	0	0	0	0	182
0.672	108	185	112	226	420	2	0	0	0	0	182
0.673	108	185	112	226	420	2	0	0	0	0	182
0.674	108	185	112	226	420	2	0	0	0	0	182
0.675	108	185	112	226	421	2	0	0	0	0	182
0.676	108	185	112	226	421	2	0	0	0	0	182
0.677	108	185	112	226	421	2	0	0	0	0	182
0.678	108	185	112	226	421	2	0	0	0	0	182
0.679	108	185	112	226	421	2	0	0	0	0	182
0.68	108	185	112	226	421	2	0	0	0	0	182
0.681	108	185	112	226	421	2	0	0	0	0	182
0.682	108	185	112	226	421	2	0	0	0	0	182
0.683	108	185	112	226	421	2	0	0	0	0	182
0.684	108	185	112	226	421	2	0	0	0	0	182
0.685	108	185	112	226	421	2	0	0	0	0	182
0.686	108	185	112	226	421	2	0	0	0	0	182
0.687	108	185	112	226	422	2	0	0	0	0	182
0.688	108	185	112	226	422	2	0	0	0	0	182
0.689	108	185	112	226	422	2	0	0	0	0	182
0.69	108	185	112	226	422	2	0	0	0	0	182
0.691	108	185	112	226	423	2	0	0	0	0	182
0.692	108	185	112	226	423	2	0	0	0	0	182
0.693	108	185	112	226	424	2	0	0	0	0	182
0.694	108	185	112	226	425	2	0	0	0	0	182
0.695	108	185	112	226	425	2	0	0	0	0	182
0.696	108	185	112	226	425	2	0	0	0	0	182
0.697	108	185	112	226	426	2	0	0	0	0	182
0.698	108	185	112	226	427	2	0	0	0	0	182
0.699	108	185	112	226	429	2	0	0	0	0	182
0.7	108	185	112	226	430	2	0	0	0	0	182
0.701	108	185	112	226	430	2	0	0	0	0	182
0.702	108	185	112	226	431	2	0	0	0	0	182
0.703	108	185	112	226	431	2	0	0	0	0	182
0.704	108	185	112	226	431	2	0	0	0	0	182
0.705	108	185	112	226	432	2	0	0	0	0	182
0.706	108	185	112	226	435	2	0	0	0	0	182
0.707	108	185	112	226	435	2	0	0	0	0	182
0.708	108	185	112	226	435	2	0	0	0	0	182
0.709	108	185	112	226	436	2	0	0	0	0	182
0.71	108	185	112	226	436	2	0	0	0	0	182
0.711	108	185	112	226	436	2	0	0	0	0	182
0.712	108	185	112	226	438	2	0	0	0	0	182
0.713	108	185	112	226	441	2	0	0	0	0	182
0.714	108	185	112	226	441	2	0	0	0	0	182
0.715	108	185	112	226	441	2	0	0	0	0	182
0.716	108	185	112	226	442	2	0	0	0	0	182
0.717	108	185	112	226	444	2	0	0	0	0	182
0.718	108	185	112	226	445	2	0	0	0	0	182
0.719	108	185	112	226	445	2	0	0	0	0	182
0.72	108	185	112	226	445	2	0	0	0	0	182
0.721	108	185	112	226	445	2	0	0	0	0	182
0.722	108	185	112	226	445	2	0	0	0	0	182
0.723	108	185	112	226	447	2	0	0	0	0	182
0.724	108	185	112	226	448	2	0	0	0	0	182
0.725	108	185	112	226	449	2	0	0	0	0	182
0.726	108	185	112	226	449	2	0	0	0	0	182
0.727	108	185	112	226	449	2	0	0	0	0	182
0.728	108	185	112	226	449	2	0	0	0	0	182
0.729	108	185	112	226	449	2	0	0	0	0	182
0.73	108	185	112	226	450	2	0	0	0	0	182
0.731	108	185	112	226	451	2	0	0	0	0	182
0.732	108	185	112	226	452	2	0	0	0	0	182
0.733	108	185	112	226	454	2	0	0	0	0	182
0.734	108	185	112	226	454	2	0	0	0	0	182
0.735	108	185	112	226	455	2	0	0	0	0	182
0.736	108	185	112	226	455	2	0	0	0	0	182
0.737	108	185	112	226	457	2	0	0	0	0	182
0.738	108	185	112	226	458	2	0	0	0	0	182
0.739	108	185	112	226	459	2	0	0	0	0	182
0.74	108	185	112	226	461	2	0	0	0	0	182
0.741	108	185	112	226	461	2	0	0	0	0	182
0.742	108	185	112	226	462	2	0	0	0	0	182
0.743	108	185	112	226	464	2	0	0	0	0	182
0.744	108	185	112	226	466	2	0	0	0	0	182
0.745	108	185	112	226	466	2	0	0	0	0	182
0.746	108	185	112	226	468	2	0	0	0	0	182
0.747	108	185	112	226	468	2	0	0	0	0	182
0.748	108	185	112	226	468	2	0	0	0	0	182
0.749	108	185	112	226	468	2	0	0	0	0	182
0.75	108	185	112	226	468	2	0	0	0	0	182
0.751	108	185	112	226	468	2	0	0	0	0	182
0.752	108	185	112	226	469	2	0	0	0	0	182
0.753	108	185	112	226	470	2	0	0	0	0	182
0.754	108	185	112	226	470	2	0	0	0	0	182
0.755	108	185	112	226	470	2	0	0	0	0	182
0.756	108	185	112	226	471	2	0	0	0	0	182
0.757	108	185	112	226	471	2	0	0	0	0	182
0.758	108	185	112	226	471	2	0	0	0	0	182
0.759	108	185	112	226	471	2	0	0	0	0	182
0.76	108	185	112	226	472	2	0	0	0	0	182
0.761	108	185	112	226	473	2	0	0	0	0	182
0.762	108	185	112	226	473	2	0	0	0	0	182
0.763	108	185	112	226	473	2	0	0	0	0	182
0.764	108	185	112	226	473	2	0	0	0	0	182
0.765	108	185	112	226	473	2	0	0	0	0	182
0.766	108	185	112	226	474	2	0	0	0	0	182
0.767	108	185	112	226	474	2	0	0	0	0	182
0.768	108	185	112	226	475	2	0	0	0	0	182
0.769	108	185	112	226	476	2	0	0	0	0	182
0.77	108	185	112	226	476	2	0	0	0	0	182
0.771	108	185	112	226	476	2	0	0	0	0	182
0.772	108	185	112	226	476	2	0	0	0	0	182
0.773	108	185	112	226	477	2	0	0	0	0	182
0.774	108	185	112	226	477	2	0	0	0	0	182
0.775	108	185	112	226	478	2	0	0	0	0	182
0.776	108	185	112	226	478	2	0	0	0	0	182
0.777	108	185	112	226	478	2	0	0	0	0	182
0.778	108	185	112	226	478	2	0	0	0	0	182
0.779	108	185	112	226	478	2	0	0	0	0	182
0.78	108	185	112	226	480	2	0	0	0	0	182
0.781	108	185	112	226	482	2	0	0	0	0	182
0.782	108	185	112	226	484	2	0	0	0	0	182
0.783	108	185	112	226	484	2	0	0	0	0	182
0.784	108	185	112	226	484	2	0	0	0	0	182
0.785	108	185	112	226	485	2	0	0	0	0	182
0.786	108	185	112	226	485	2	0	0	0	0	182
0.787	108	185	112	226	487	2	0	0	0	0	182
0.788	108	185	112	226	488	2	0	0	0	0	182
0.789	108	185	112	226	488	2	0	0	0	0	182
0.79	108	185	112	226	488	2	0	0	0	0	182
0.791	108	185	112	226	488	2	0	0	0	0	182
0.792	108	185	112	226	488	2	0	0	0	0	182
0.793	108	185	112	226	488	2	0	0	0	0	182
0.794	108	185	112	226	488	2	0	0	0	0	182
0.795	108	185	112	226	489	2	0	0	0	0	182
0.796	108	185	112	226	489	2	0	0	0	0	182
0.797	108	185	112	226	489	2	0	0	0	0	182
0.798	108	185	112	226	490	2	0	0	0	0	182
0.799	108	185	112	226	491	2	0	0	0	0	182
0.8	108	185	112	226	491	2	0	0	0	0	182
0.801	108	185	112	226	491	2	0	0	0	0	182
0.802	108	185	112	226	491	2	0	0	0	0	182
0.803	108	185	112	226	491	2	0	0	0	0	182
0.804	108	185	112	226	492	2	0	0	0	0	182
0.805	108	185	112	226	492	2	0	0	0	0	182
0.806	108	185	112	226	492	2	0	0	0	0	182
0.807	108	185	112	226	494	2	0	0	0	0	182
0.808	108	185	112	226	495	2	0	0	0	0	182
0.809	108	185	112	226	496	2	0	0	0	0	182
0.81	108	185	112	226	497	2	0	0	0	0	182
0.811	108	185	112	226	497	2	0	0	0	0	182
0.812	108	185	112	226	501	2	0	0	0	0	182
0.813	108	185	112	226	503	2	0	0	0	0	182
0.814	108	185	112	226	503	2	0	0	0	0	182
0.815	108	185	112	226	503	2	0	0	0	0	182
0.816	108	185	112	226	504	2	0	0	0	0	182
0.817	108	185	112	226	504	2	0	0	0	0	182
0.818	108	185	112	226	505	2	0	0	0	0	182
0.819	108	185	112	226	505	2	0	0	0	0	182
0.82	108	185	112	226	506	2	0	0	0	0	182
0.821	108	185	112	226	507	2	0	0	0	0	182
0.822	108	185	112	226	509	2	0	0	0	0	182
0.823	108	185	112	226	509	2	0	0	0	0	182
0.824	108	185	112	226	510	2	0	0	0	0	182
0.825	108	185	112	226	510	2	0	0	0	0	182
0.826	108	185	112	226	511	2	0	0	0	0	182
0.827	108	185	112	226	514	2	0	0	0	0	182
0.828	108	185	112	226	514	2	0	0	0	0	182
0.829	108	185	112	226	514	2	0	0	0	0	182
0.83	108	185	112	226	515	2	0	0	0	0	182
0.831	108	185	112	226	515	2	0	0	0	0	182
0.832	108	185	112	226	515	2	0	0	0	0	182
0.833	108	185	112	226	516	2	0	0	0	0	182
0.834	108	185	112	226	516	2	0	0	0	0	182
0.835	108	185	112	226	517	2	0	0	0	0	182
0.836	108	185	112	226	518	2	0	0	0	0	182
0.837	108	185	112	226	518	2	0	0	0	0	182
0.838	108	185	112	226	518	2	0	0	0	0	182
0.839	108	185	112	226	518	2	0	0	0	0	182
0.84	108	185	112	226	518	2	0	0	0	0	182
0.841	108	185	112	226	519	2	0	0	0	0	182
0.842	108	185	112	226	519	2	0	0	0	0	182
0.843	108	185	112	226	520	2	0	0	0	0	182
0.844	108	185	112	226	521	2	0	0	0	0	182
0.845	108	185	112	226	521	2	0	0	0	0	182
0.846	108	185	112	226	523	2	0	0	0	0	182
0.847	108	185	112	226	523	2	0	0	0	0	182
0.848	108	185	112	226	524	2	0	0	0	0	182
0.849	108	185	112	226	525	2	0	0	0	0	182
0.85	108	185	112	226	526	2	0	0	0	0	182
0.851	108	185	112	226	527	2	0	0	0	0	182
0.852	108	185	112	226	527	2	0	0	0	0	182
0.853	108	185	112	226	527	2	0	0	0	0	182
0.854	108	185	112	226	528	2	0	0	0	0	182
0.855	108	185	112	226	528	2	0	0	0	0	182
0.856	108	185	112	226	529	2	0	0	0	0	182
0.857	108	185	112	226	531	2	0	0	0	0	182
0.858	108	185	112	226	531	2	0	0	0	0	182
0.859	108	185	112	226	531	2	0	0	0	0	182
0.86	108	185	112	226	533	2	0	0	0	0	182
0.861	108	185	112	226	533	2	0	0	0	0	182
0.862	108	185	112	226	533	2	0	0	0	0	182
0.863	108	185	112	226	533	2	0	0	0	0	182
0.864	108	185	112	226	533	2	0	0	0	0	182
0.865	108	185	112	226	534	2	0	0	0	0	182
0.866	108	185	112	226	534	2	0	0	0	0	182
0.867	108	185	112	226	535	2	0	0	0	0	182
0.868	108	185	112	226	535	2	0	0	0	0	182
0.869	108	185	112	226	535	2	0	0	0	0	182
0.87	108	185	112	226	535	2	0	0	0	0	182
0.871	108	185	112	226	535	2	0	0	0	0	182
0.872	108	185	112	226	535	2	0	0	0	0	182
0.873	108	185	112	226	536	2	0	0	0	0	182
0.874	108	185	112	226	536	2	0	0	0	0	182
0.875	108	185	112	226	536	2	0	0	0	0	182
0.876	108	185	112	226	536	2	0	0	0	0	182
0.877	108	185	112	226	536	2	0	0	0	0	182
0.878	108	185	112	226	537	2	0	0	0	0	182
0.879	108	185	112	226	537	2	0	0	0	0	182
0.88	108	185	112	226	537	2	0	0	0	0	182
0.881	108	185	112	226	538	2	0	0	0	0	182
0.882	108	185	112	226	542	2	0	0	0	0	182
0.883	108	185	112	226	542	2	0	0	0	0	182
0.884	108	185	112	226	544	2	0	0	0	0	182
0.885	108	185	112	226	544	2	0	0	0	0	182
0.886	108	185	112	226	546	2	0	0	0	0	182
0.887	108	185	112	226	547	2	0	0	0	0	182
0.888	108	185	112	226	550	2	0	0	0	0	182
0.889	108	185	112	226	550	2	0	0	0	0	182
0.89	108	185	112	226	550	2	0	0	0	0	182
0.891	108	185	112	226	550	2	0	0	0	0	182
0.892	108	185	112	226	550	2	0	0	0	0	182
0.893	108	185	112	226	551	2	0	0	0	0	182
0.894	108	185	112	226	551	2	0	0	0	0	182
0.895	108	185	112	226	551	2	0	0	0	0	182
0.896	108	185	112	226	551	2	0	0	0	0	182
0.897	108	185	112	226	551	2	0	0	0	0	182
0.898	108	185	112	226	552	2	0	0	0	0	182
0.899	108	185	112	226	552	2	0	0	0	0	182
0.9	108	185	112	226	552	2	0	0	0	0	182
0.901	108	185	112	226	554	2	0	0	0	0	182
0.902	108	185	112	226	555	2	0	0	0	0	182
0.903	108	185	112	226	555	2	0	0	0	0	182
0.904	108	185	112	226	555	2	0	0	0	0	182
0.905	108	185	112	226	556	2	0	0	0	0	182
0.906	108	185	112	226	556	2	0	0	0	0	182
0.907	108	185	112	226	556	2	0	0	0	0	182
0.908	108	185	112	226	557	2	0	0	0	0	182
0.909	108	185	112	226	559	2	0	0	0	0	182
0.91	108	185	112	226	560	2	0	0	0	0	182
0.911	108	185	112	226	560	2	0	0	0	0	182
0.912	108	185	112	226	560	2	0	0	0	0	182
0.913	108	185	112	226	561	2	0	0	0	0	182
0.914	108	185	112	226	563	2	0	0	0	0	182
0.915	108	185	112	226	565	2	0	0	0	0	182
0.916	108	185	112	226	565	2	0	0	0	0	182
0.917	108	185	112	226	566	2	0	0	0	0	182
0.918	108	185	112	226	567	2	0	0	0	0	182
0.919	108	185	112	226	568	2	0	0	0	0	182
0.92	108	185	112	226	568	2	0	0	0	0	182
0.921	108	185	112	226	568	2	0	0	0	0	182
0.922	108	185	112	226	569	2	0	0	0	0	182
0.923	108	185	112	226	569	2	0	0	0	0	182
0.924	108	185	112	226	571	2	0	0	0	0	182
0.925	108	185	112	226	572	2	0	0	0	0	182
0.926	108	185	112	226	573	2	0	0	0	0	182
0.927	108	185	112	226	573	2	0	0	0	0	182
0.928	108	185	112	226	573	2	0	0	0	0	182
0.929	108	185	112	226	575	2	0	0	0	0	182
0.93	108	185	112	226	575	2	0	0	0	0	182
0.931	108	185	112	226	576	2	0	0	0	0	182
0.932	108	185	112	226	579	2	0	0	0	0	182
0.933	108	185	112	226	579	2	0	0	0	0	182
0.934	108	185	112	226	579	2	0	0	0	0	182
0.935	108	185	112	226	579	2	0	0	0	0	182
0.936	108	185	112	226	579	2	0	0	0	0	182
0.937	108	185	112	226	579	2	0	0	0	0	182
0.938	108	185	112	226	579	2	0	0	0	0	182
0.939	108	185	112	226	579	2	0	0	0	0	182
0.94	108	185	112	226	580	2	0	0	0	0	182
0.941	108	185	112	226	580	2	0	0	0	0	182
0.942	108	185	112	226	581	2	0	0	0	0	182
0.943	108	185	112	226	581	2	0	0	0	0	182
0.944	108	185	112	226	581	2	0	0	0	0	182
0.945	108	185	112	226	583	2	0	0	0	0	182
0.946	108	185	112	226	583	2	0	0	0	0	182
0.947	108	185	112	226	585	2	0	0	0	0	182
0.948	108	185	112	226	586	2	0	0	0	0	182
0.949	108	185	112	226	586	2	0	0	0	0	182
0.95	108	185	112	226	587	2	0	0	0	0	182
0.951	108	185	112	226	590	2	0	0	0	0	182
0.952	108	185	112	226	590	2	0	0	0	0	182
0.953	108	185	112	226	594	2	0	0	0	0	182
0.954	108	185	112	226	596	2	0	0	0	0	182
0.955	108	185	112	226	597	2	0	0	0	0	182
0.956	108	185	112	226	598	2	0	0	0	0	182
0.957	108	185	112	226	598	2	0	0	0	0	182
0.958	108	185	112	226	598	2	0	0	0	0	182
0.959	108	185	112	226	598	2	0	0	0	0	182
0.96	108	185	112	226	599	2	0	0	0	0	182
0.961	108	185	112	226	600	2	0	0	0	0	182
0.962	108	185	112	226	602	2	0	0	0	0	182
0.963	108	185	112	226	602	2	0	0	0	0	182
0.964	108	185	112	226	603	2	0	0	0	0	182
0.965	108	185	112	226	603	2	0	0	0	0	182
0.966	108	185	112	226	603	2	0	0	0	0	182
0.967	108	185	112	226	603	2	0	0	0	0	182
0.968	108	185	112	226	603	2	0	0	0	0	182
0.969	108	185	112	226	603	2	0	0	0	0	182
0.97	108	185	112	226	604	2	0	0	0	0	182
0.971	108	185	112	226	605	2	0	0	0	0	182
0.972	108	185	112	226	605	2	0	0	0	0	182
0.973	108	185	112	226	606	2	0	0	0	0	182
0.974	108	185	112	226	608	2	0	0	0	0	182
0.975	108	185	112	226	608	2	0	0	0	0	182
0.976	108	185	112	226	609	2	0	0	0	0	182
0.977	108	185	112	226	609	2	0	0	0	0	182
0.978	108	185	112	226	610	2	0	0	0	0	182
0.979	108	185	112	226	610	2	0	0	0	0	182
0.98	108	185	112	226	611	2	0	0	0	0	182
0.981	108	185	112	226	611	2	0	0	0	0	182
0.982	108	185	112	226	611	2	0	0	0	0	182
0.983	108	185	112	226	611	2	0	0	0	0	182
0.984	108	185	112	226	612	2	0	0	0	0	182
0.985	108	185	112	226	613	2	0	0	0	0	182
0.986	108	185	112	226	613	2	0	0	0	0	182
0.987	108	185	112	226	613	2	0	0	0	0	182
0.988	108	185	112	226	614	2	0	0	0	0	182
0.989	108	185	112	226	614	2	0	0	0	0	182
0.99	108	185	112	226	614	2	0	0	0	0	182
0.991	108	185	112	226	614	2	0	0	0	0	182
0.992	108	185	112	226	614	2	0	0	0	0	182
0.993	108	185	112	226	616	2	0	0	0	0	182
0.994	108	185	112	226	617	2	0	0	0	0	182
0.995	108	185	112	226	619	2	0	0	0	0	182
0.996	108	185	112	226	619	2	0	0	0	0	182
0.997	108	185	112	226	619	2	0	0	0	0	182
0.998	108	184	112	225	620	2	0	0	0	0	182
0.999	108	185	112	226	624	2	0	0	0	0	182
1	108	185	112	226	624	2	0	0	0	0	182
