TIME(s)	'A,A'	'A,B'	'B,B'	Nloops	nOverlapPartner	nOverlapSystem	nOverlapSpanBox	nDisplace2D	nDisplace3D	nDisplace3Dto2D	nAssocSuccess
0	0	0	0	0	0	0	0	0	0	0	0
0.001	5	4	2	2	0	0	0	0	0	0	9
0.002	8	13	7	6	0	0	0	0	0	0	22
0.003	10	23	8	8	0	0	0	0	0	0	33
0.004	15	25	11	9	0	0	0	0	0	0	42
0.005	15	32	16	12	0	0	0	0	0	0	51
0.006	27	39	18	21	0	0	0	0	0	0	64
0.007	28	43	28	28	1	0	0	0	0	0	72
0.008	34	55	38	45	2	1	0	0	0	0	83
0.009	37	58	44	50	2	1	0	0	0	0	90
0.01	38	61	44	51	3	1	0	0	0	0	93
0.011	41	66	47	56	4	2	0	0	0	0	99
0.012	43	73	51	62	6	3	0	0	0	0	107
0.013	47	78	53	66	8	3	0	0	0	0	114
0.014	49	83	54	72	8	3	0	0	0	0	116
0.015	51	85	56	73	10	3	0	0	0	0	121
0.016	60	89	63	87	13	3	0	0	0	0	127
0.017	62	92	63	91	13	3	0	0	0	0	129
0.018	64	92	63	92	17	3	0	0	0	0	131
0.019	69	95	64	97	17	3	0	0	0	0	135
0.02	70	100	66	103	19	3	0	0	0	0	137
0.021	70	102	70	107	21	3	0	0	0	0	139
0.022	71	102	71	107	21	4	0	0	0	0	141
0.023	72	103	71	108	22	4	0	0	0	0	142
0.024	72	103	70	108	22	4	0	0	0	0	142
0.025	74	104	70	110	24	4	0	0	0	0	143
0.026	74	107	72	113	24	4	0	0	0	0	145
0.027	77	114	72	120	27	4	0	0	0	0	148
0.028	78	117	74	125	29	4	0	0	0	0	149
0.029	78	117	74	125	30	4	0	0	0	0	149
0.03	79	121	77	131	31	4	0	0	0	0	151
0.031	79	121	77	131	32	4	0	0	0	0	151
0.032	79	121	77	131	34	4	0	0	0	0	151
0.033	79	121	77	131	36	4	0	0	0	0	151
0.034	80	124	77	132	37	4	0	0	0	0	154
0.035	80	127	78	135	38	4	0	0	0	0	155
0.036	80	130	84	142	38	4	0	0	0	0	157
0.037	80	130	84	142	39	4	0	0	0	0	157
0.038	80	130	84	142	39	4	0	0	0	0	157
0.039	84	134	84	149	39	4	0	0	0	0	158
0.04	84	137	86	153	41	4	0	0	0	0	159
0.041	84	137	86	153	41	4	0	0	0	0	159
0.042	85	137	85	153	43	4	0	0	0	0	160
0.043	85	140	87	156	44	4	0	0	0	0	162
0.044	85	143	91	161	46	4	0	0	0	0	164
0.045	85	143	91	161	47	4	0	0	0	0	164
0.046	85	143	91	161	49	4	0	0	0	0	164
0.047	86	144	91	162	50	4	0	0	0	0	165
0.048	86	146	91	163	51	4	0	0	0	0	166
0.049	86	151	95	170	52	4	0	0	0	0	168
0.05	87	151	95	170	53	4	0	0	0	0	169
0.051	94	151	95	176	58	4	0	0	0	0	170
0.052	98	152	95	180	59	4	0	0	0	0	171
0.053	98	152	95	180	59	4	0	0	0	0	171
0.054	98	152	95	180	60	4	0	0	0	0	171
0.055	98	152	95	180	60	4	0	0	0	0	171
0.056	98	152	95	180	60	4	0	0	0	0	171
0.057	98	152	95	180	63	4	0	0	0	0	171
0.058	98	152	95	180	63	4	0	0	0	0	171
0.059	100	160	96	189	64	4	0	0	0	0	173
0.06	100	161	96	189	65	4	0	0	0	0	174
0.061	100	161	96	189	66	4	0	0	0	0	174
0.062	100	161	96	189	66	4	0	0	0	0	174
0.063	100	161	96	189	68	4	0	0	0	0	174
0.064	100	161	96	189	69	4	0	0	0	0	174
0.065	104	164	96	194	69	4	0	0	0	0	176
0.066	104	164	96	194	70	4	0	0	0	0	176
0.067	104	164	96	194	74	4	0	0	0	0	176
0.068	104	164	96	194	74	4	0	0	0	0	176
0.069	104	164	96	194	79	4	0	0	0	0	176
0.07	104	169	96	198	80	4	0	0	0	0	177
0.071	104	169	96	198	81	4	0	0	0	0	177
0.072	104	169	96	198	81	4	0	0	0	0	177
0.073	104	169	96	198	83	4	0	0	0	0	177
0.074	104	169	96	198	83	4	0	0	0	0	177
0.075	104	169	96	198	83	4	0	0	0	0	177
0.076	104	169	96	198	85	4	0	0	0	0	177
0.077	104	169	96	198	86	4	0	0	0	0	177
0.078	104	170	99	201	86	4	0	0	0	0	178
0.079	104	170	99	201	86	4	0	0	0	0	178
0.08	104	170	99	201	86	4	0	0	0	0	178
0.081	104	170	99	201	88	4	0	0	0	0	178
0.082	104	170	99	201	90	4	0	0	0	0	178
0.083	104	170	99	201	90	4	0	0	0	0	178
0.084	104	170	99	201	92	4	0	0	0	0	178
0.085	104	170	99	201	93	4	0	0	0	0	178
0.086	104	170	99	201	93	4	0	0	0	0	178
0.087	104	170	99	201	93	4	0	0	0	0	178
0.088	104	170	99	201	93	4	0	0	0	0	178
0.089	104	170	99	201	94	4	0	0	0	0	178
0.09	104	170	99	201	94	4	0	0	0	0	178
0.091	104	170	99	201	94	4	0	0	0	0	178
0.092	104	170	99	201	95	4	0	0	0	0	178
0.093	104	170	99	201	95	4	0	0	0	0	178
0.094	104	170	99	201	96	4	0	0	0	0	178
0.095	104	170	99	201	97	4	0	0	0	0	178
0.096	104	170	98	201	99	4	0	0	0	0	178
0.097	104	170	98	201	99	4	0	0	0	0	178
0.098	104	170	98	201	99	4	0	0	0	0	178
0.099	104	171	101	204	101	4	0	0	0	0	179
0.1	104	171	101	204	101	4	0	0	0	0	179
0.101	104	171	101	204	102	4	0	0	0	0	179
0.102	104	171	101	204	103	4	0	0	0	0	179
0.103	104	171	101	204	103	4	0	0	0	0	179
0.104	104	171	101	204	104	4	0	0	0	0	179
0.105	104	171	101	204	104	4	0	0	0	0	179
0.106	104	171	101	204	105	4	0	0	0	0	179
0.107	104	173	103	207	105	4	0	0	0	0	180
0.108	104	173	103	207	105	4	0	0	0	0	180
0.109	106	176	104	212	105	4	0	0	0	0	181
0.11	106	176	104	212	105	4	0	0	0	0	181
0.111	106	176	104	212	105	4	0	0	0	0	181
0.112	106	176	104	212	105	4	0	0	0	0	181
0.113	106	176	104	212	106	4	0	0	0	0	181
0.114	106	176	104	212	107	4	0	0	0	0	181
0.115	106	176	104	212	108	4	0	0	0	0	181
0.116	106	176	104	212	108	4	0	0	0	0	181
0.117	106	176	104	212	108	4	0	0	0	0	181
0.118	106	176	104	212	109	4	0	0	0	0	181
0.119	106	176	104	212	109	4	0	0	0	0	181
0.12	106	176	104	212	109	4	0	0	0	0	181
0.121	106	176	104	212	109	4	0	0	0	0	181
0.122	106	176	104	212	109	4	0	0	0	0	181
0.123	106	176	104	212	109	4	0	0	0	0	181
0.124	106	176	104	212	109	4	0	0	0	0	181
0.125	106	176	104	212	109	4	0	0	0	0	181
0.126	106	176	104	212	109	4	0	0	0	0	181
0.127	106	176	104	212	109	4	0	0	0	0	181
0.128	106	176	104	212	109	4	0	0	0	0	181
0.129	106	176	104	212	110	4	0	0	0	0	181
0.13	106	176	104	212	113	4	0	0	0	0	181
0.131	106	176	104	212	113	4	0	0	0	0	181
0.132	106	176	104	212	114	4	0	0	0	0	181
0.133	106	176	104	212	114	4	0	0	0	0	181
0.134	106	176	104	212	114	4	0	0	0	0	181
0.135	108	176	104	213	115	4	0	0	0	0	182
0.136	108	178	105	215	115	4	0	0	0	0	183
0.137	108	178	105	215	117	4	0	0	0	0	183
0.138	108	178	105	215	118	4	0	0	0	0	183
0.139	108	178	105	215	118	4	0	0	0	0	183
0.14	108	178	105	215	119	4	0	0	0	0	183
0.141	108	178	105	215	120	4	0	0	0	0	183
0.142	108	178	105	215	121	4	0	0	0	0	183
0.143	108	178	105	215	121	4	0	0	0	0	183
0.144	108	178	105	215	121	4	0	0	0	0	183
0.145	108	178	105	215	122	4	0	0	0	0	183
0.146	108	178	105	215	122	4	0	0	0	0	183
0.147	108	178	105	215	124	4	0	0	0	0	183
0.148	108	178	105	215	125	4	0	0	0	0	183
0.149	108	178	105	215	127	4	0	0	0	0	183
0.15	108	178	105	215	127	4	0	0	0	0	183
0.151	108	178	105	215	128	4	0	0	0	0	183
0.152	108	178	105	215	129	4	0	0	0	0	183
0.153	108	178	105	215	130	4	0	0	0	0	183
0.154	108	178	105	215	131	4	0	0	0	0	183
0.155	108	178	105	215	131	4	0	0	0	0	183
0.156	108	178	105	215	132	4	0	0	0	0	183
0.157	108	178	105	215	133	4	0	0	0	0	183
0.158	108	178	105	215	134	4	0	0	0	0	183
0.159	108	178	105	215	135	4	0	0	0	0	183
0.16	108	178	105	215	135	4	0	0	0	0	183
0.161	108	178	105	215	139	4	0	0	0	0	183
0.162	108	178	105	215	139	4	0	0	0	0	183
0.163	108	178	105	215	139	4	0	0	0	0	183
0.164	108	178	105	215	139	4	0	0	0	0	183
0.165	108	178	105	215	139	4	0	0	0	0	183
0.166	108	178	105	215	139	4	0	0	0	0	183
0.167	108	178	105	215	139	4	0	0	0	0	183
0.168	108	178	105	215	140	4	0	0	0	0	183
0.169	108	178	105	215	140	4	0	0	0	0	183
0.17	111	180	105	219	141	4	0	0	0	0	184
0.171	111	180	105	219	142	4	0	0	0	0	184
0.172	111	180	105	219	142	4	0	0	0	0	184
0.173	111	180	105	219	142	4	0	0	0	0	184
0.174	111	180	105	219	143	4	0	0	0	0	184
0.175	111	180	105	219	143	4	0	0	0	0	184
0.176	111	180	105	219	143	4	0	0	0	0	184
0.177	111	180	105	219	145	4	0	0	0	0	184
0.178	111	180	105	219	145	4	0	0	0	0	184
0.179	111	180	105	219	146	4	0	0	0	0	184
0.18	111	180	105	219	147	4	0	0	0	0	184
0.181	111	180	105	219	148	4	0	0	0	0	184
0.182	111	180	105	219	149	4	0	0	0	0	184
0.183	111	180	105	219	149	4	0	0	0	0	184
0.184	111	180	105	219	149	4	0	0	0	0	184
0.185	111	180	105	219	150	4	0	0	0	0	184
0.186	111	180	105	219	153	4	0	0	0	0	184
0.187	111	180	105	219	154	4	0	0	0	0	184
0.188	111	180	105	219	154	4	0	0	0	0	184
0.189	111	180	105	219	154	4	0	0	0	0	184
0.19	111	180	105	219	154	4	0	0	0	0	184
0.191	111	180	105	219	154	4	0	0	0	0	184
0.192	111	180	105	219	154	4	0	0	0	0	184
0.193	111	180	105	219	156	4	0	0	0	0	184
0.194	111	180	105	219	159	4	0	0	0	0	184
0.195	111	180	105	219	159	4	0	0	0	0	184
0.196	111	180	105	219	159	4	0	0	0	0	184
0.197	111	180	105	219	159	4	0	0	0	0	184
0.198	111	180	105	219	159	4	0	0	0	0	184
0.199	111	180	105	219	159	4	0	0	0	0	184
0.2	111	180	105	219	162	4	0	0	0	0	184
0.201	111	180	105	219	163	4	0	0	0	0	184
0.202	111	180	105	219	166	4	0	0	0	0	184
0.203	111	180	105	219	166	4	0	0	0	0	184
0.204	111	180	105	219	166	4	0	0	0	0	184
0.205	111	180	105	219	166	4	0	0	0	0	184
0.206	111	180	105	219	167	4	0	0	0	0	184
0.207	111	180	105	219	167	4	0	0	0	0	184
0.208	111	180	105	219	167	4	0	0	0	0	184
0.209	111	180	105	219	167	4	0	0	0	0	184
0.21	111	180	105	219	167	4	0	0	0	0	184
0.211	111	180	105	219	167	4	0	0	0	0	184
0.212	111	180	105	219	169	4	0	0	0	0	184
0.213	111	180	105	219	169	4	0	0	0	0	184
0.214	111	180	105	219	169	4	0	0	0	0	184
0.215	111	180	105	219	169	4	0	0	0	0	184
0.216	111	180	105	219	171	4	0	0	0	0	184
0.217	111	180	105	219	173	4	0	0	0	0	184
0.218	111	180	105	219	173	4	0	0	0	0	184
0.219	111	180	105	219	174	4	0	0	0	0	184
0.22	111	180	105	219	174	4	0	0	0	0	184
0.221	111	180	105	219	176	4	0	0	0	0	184
0.222	111	180	105	219	177	4	0	0	0	0	184
0.223	111	180	105	219	177	4	0	0	0	0	184
0.224	111	180	105	219	179	4	0	0	0	0	184
0.225	111	180	105	219	180	4	0	0	0	0	184
0.226	111	180	105	219	180	4	0	0	0	0	184
0.227	111	180	105	219	180	4	0	0	0	0	184
0.228	111	180	105	219	182	4	0	0	0	0	184
0.229	111	180	105	219	182	4	0	0	0	0	184
0.23	111	180	105	219	183	4	0	0	0	0	184
0.231	111	180	105	219	186	4	0	0	0	0	184
0.232	111	180	105	219	188	4	0	0	0	0	184
0.233	111	180	105	219	190	4	0	0	0	0	184
0.234	111	180	105	219	191	4	0	0	0	0	184
0.235	111	180	105	219	191	4	0	0	0	0	184
0.236	111	180	105	219	193	4	0	0	0	0	184
0.237	111	180	105	219	193	4	0	0	0	0	184
0.238	111	180	105	219	193	4	0	0	0	0	184
0.239	111	180	105	219	195	4	0	0	0	0	184
0.24	111	180	105	219	196	4	0	0	0	0	184
0.241	111	180	105	219	196	4	0	0	0	0	184
0.242	111	180	105	219	196	4	0	0	0	0	184
0.243	111	180	105	219	196	4	0	0	0	0	184
0.244	111	180	105	219	197	4	0	0	0	0	184
0.245	111	180	105	219	197	4	0	0	0	0	184
0.246	111	180	105	219	198	4	0	0	0	0	184
0.247	111	180	105	219	199	4	0	0	0	0	184
0.248	111	180	105	219	199	4	0	0	0	0	184
0.249	111	180	105	219	199	4	0	0	0	0	184
0.25	111	180	105	219	199	4	0	0	0	0	184
0.251	111	180	105	219	202	4	0	0	0	0	184
0.252	111	180	105	219	202	4	0	0	0	0	184
0.253	111	180	105	219	204	4	0	0	0	0	184
0.254	111	180	105	219	205	4	0	0	0	0	184
0.255	111	180	105	219	205	4	0	0	0	0	184
0.256	111	180	105	219	205	4	0	0	0	0	184
0.257	111	180	105	219	205	4	0	0	0	0	184
0.258	111	180	105	219	205	4	0	0	0	0	184
0.259	111	180	105	219	206	4	0	0	0	0	184
0.26	111	180	105	219	206	4	0	0	0	0	184
0.261	111	180	105	219	206	4	0	0	0	0	184
0.262	111	180	105	219	208	4	0	0	0	0	184
0.263	111	180	105	219	210	4	0	0	0	0	184
0.264	111	180	105	219	211	4	0	0	0	0	184
0.265	111	180	105	219	211	4	0	0	0	0	184
0.266	111	180	105	219	211	4	0	0	0	0	184
0.267	111	180	105	219	212	4	0	0	0	0	184
0.268	111	180	105	219	212	4	0	0	0	0	184
0.269	111	180	105	219	212	4	0	0	0	0	184
0.27	111	180	105	219	212	4	0	0	0	0	184
0.271	111	180	105	219	212	4	0	0	0	0	184
0.272	111	180	105	219	212	4	0	0	0	0	184
0.273	111	180	105	219	212	4	0	0	0	0	184
0.274	111	180	105	219	212	4	0	0	0	0	184
0.275	111	180	105	219	212	4	0	0	0	0	184
0.276	111	180	105	219	212	4	0	0	0	0	184
0.277	111	180	105	219	212	4	0	0	0	0	184
0.278	111	180	105	219	212	4	0	0	0	0	184
0.279	111	180	105	219	212	4	0	0	0	0	184
0.28	111	180	105	219	212	4	0	0	0	0	184
0.281	111	180	105	219	212	4	0	0	0	0	184
0.282	111	180	105	219	216	4	0	0	0	0	184
0.283	111	180	105	219	216	4	0	0	0	0	184
0.284	111	180	105	219	217	4	0	0	0	0	184
0.285	111	180	105	219	218	4	0	0	0	0	184
0.286	111	180	105	219	219	4	0	0	0	0	184
0.287	111	180	105	219	219	4	0	0	0	0	184
0.288	111	180	105	219	220	4	0	0	0	0	184
0.289	111	180	105	219	220	4	0	0	0	0	184
0.29	111	180	105	219	220	4	0	0	0	0	184
0.291	111	180	105	219	223	4	0	0	0	0	184
0.292	111	180	105	219	223	4	0	0	0	0	184
0.293	111	180	105	219	224	4	0	0	0	0	184
0.294	111	180	105	219	224	4	0	0	0	0	184
0.295	111	180	105	219	224	4	0	0	0	0	184
0.296	111	180	105	219	225	4	0	0	0	0	184
0.297	111	180	105	219	226	4	0	0	0	0	184
0.298	111	184	108	225	226	4	0	0	0	0	185
0.299	111	184	108	225	227	4	0	0	0	0	185
0.3	111	184	108	225	228	4	0	0	0	0	185
0.301	111	184	108	225	228	4	0	0	0	0	185
0.302	111	184	108	225	228	4	0	0	0	0	185
0.303	111	184	108	225	228	4	0	0	0	0	185
0.304	111	184	108	225	230	4	0	0	0	0	185
0.305	111	184	108	225	232	4	0	0	0	0	185
0.306	111	184	108	225	232	4	0	0	0	0	185
0.307	111	184	108	225	232	4	0	0	0	0	185
0.308	111	184	108	225	232	4	0	0	0	0	185
0.309	111	184	108	225	232	4	0	0	0	0	185
0.31	111	184	108	225	232	4	0	0	0	0	185
0.311	111	184	108	225	233	4	0	0	0	0	185
0.312	111	184	108	225	233	4	0	0	0	0	185
0.313	111	184	108	225	233	4	0	0	0	0	185
0.314	111	184	108	225	234	4	0	0	0	0	185
0.315	111	184	108	225	234	4	0	0	0	0	185
0.316	111	184	108	225	235	4	0	0	0	0	185
0.317	111	184	108	225	236	4	0	0	0	0	185
0.318	111	184	108	225	236	4	0	0	0	0	185
0.319	111	184	108	225	236	4	0	0	0	0	185
0.32	111	184	108	225	236	4	0	0	0	0	185
0.321	111	184	108	225	236	4	0	0	0	0	185
0.322	111	184	108	225	236	4	0	0	0	0	185
0.323	111	184	108	225	236	4	0	0	0	0	185
0.324	111	184	108	225	236	4	0	0	0	0	185
0.325	111	184	108	225	236	4	0	0	0	0	185
0.326	111	184	108	225	236	4	0	0	0	0	185
0.327	111	184	108	225	237	4	0	0	0	0	185
0.328	111	184	108	225	240	4	0	0	0	0	185
0.329	111	184	108	225	240	4	0	0	0	0	185
0.33	111	184	108	225	241	4	0	0	0	0	185
0.331	111	184	108	225	242	4	0	0	0	0	185
0.332	111	184	108	225	243	4	0	0	0	0	185
0.333	111	184	108	225	245	4	0	0	0	0	185
0.334	111	184	108	225	245	4	0	0	0	0	185
0.335	111	184	108	225	246	4	0	0	0	0	185
0.336	111	184	108	225	246	4	0	0	0	0	185
0.337	111	184	108	225	246	4	0	0	0	0	185
0.338	111	184	108	225	246	4	0	0	0	0	185
0.339	111	184	108	225	246	4	0	0	0	0	185
0.34	111	184	108	225	246	4	0	0	0	0	185
0.341	111	184	108	225	246	4	0	0	0	0	185
0.342	111	184	108	225	247	4	0	0	0	0	185
0.343	111	184	108	225	247	4	0	0	0	0	185
0.344	111	184	108	225	247	4	0	0	0	0	185
0.345	111	184	108	225	248	4	0	0	0	0	185
0.346	111	184	108	225	248	4	0	0	0	0	185
0.347	111	184	108	225	248	4	0	0	0	0	185
0.348	111	184	108	225	249	4	0	0	0	0	185
0.349	111	184	108	225	250	4	0	0	0	0	185
0.35	111	184	108	225	250	4	0	0	0	0	185
0.351	111	184	108	225	250	4	0	0	0	0	185
0.352	111	184	108	225	250	4	0	0	0	0	185
0.353	111	184	108	225	251	4	0	0	0	0	185
0.354	111	184	108	225	252	4	0	0	0	0	185
0.355	111	184	108	225	253	4	0	0	0	0	185
0.356	111	184	108	225	253	4	0	0	0	0	185
0.357	111	184	108	225	253	4	0	0	0	0	185
0.358	111	184	108	225	254	4	0	0	0	0	185
0.359	111	184	108	225	256	4	0	0	0	0	185
0.36	111	184	108	225	257	4	0	0	0	0	185
0.361	111	184	108	225	257	4	0	0	0	0	185
0.362	111	184	108	225	257	4	0	0	0	0	185
0.363	111	184	108	225	257	4	0	0	0	0	185
0.364	111	184	108	225	257	4	0	0	0	0	185
0.365	111	184	108	225	257	4	0	0	0	0	185
0.366	111	184	108	225	257	4	0	0	0	0	185
0.367	111	184	108	225	259	4	0	0	0	0	185
0.368	111	184	108	225	259	4	0	0	0	0	185
0.369	111	184	108	225	259	4	0	0	0	0	185
0.37	111	184	108	225	259	4	0	0	0	0	185
0.371	111	184	108	225	259	4	0	0	0	0	185
0.372	111	184	108	225	259	4	0	0	0	0	185
0.373	111	184	108	225	259	4	0	0	0	0	185
0.374	111	184	108	225	261	4	0	0	0	0	185
0.375	111	184	108	225	262	4	0	0	0	0	185
0.376	111	184	108	225	262	4	0	0	0	0	185
0.377	111	184	108	225	262	4	0	0	0	0	185
0.378	111	184	108	225	263	4	0	0	0	0	185
0.379	111	184	108	225	264	4	0	0	0	0	185
0.38	111	184	108	225	265	4	0	0	0	0	185
0.381	111	184	108	225	266	4	0	0	0	0	185
0.382	111	184	108	225	266	4	0	0	0	0	185
0.383	111	184	108	225	268	4	0	0	0	0	185
0.384	111	184	108	225	269	4	0	0	0	0	185
0.385	111	184	108	225	269	4	0	0	0	0	185
0.386	111	184	108	225	269	4	0	0	0	0	185
0.387	111	184	108	225	269	4	0	0	0	0	185
0.388	111	184	108	225	270	4	0	0	0	0	185
0.389	111	184	108	225	270	4	0	0	0	0	185
0.39	111	184	108	225	270	4	0	0	0	0	185
0.391	111	184	108	225	270	4	0	0	0	0	185
0.392	111	184	108	225	271	4	0	0	0	0	185
0.393	111	184	108	225	272	4	0	0	0	0	185
0.394	111	184	108	225	272	4	0	0	0	0	185
0.395	111	184	108	225	272	4	0	0	0	0	185
0.396	111	184	108	225	275	4	0	0	0	0	185
0.397	111	184	108	225	276	4	0	0	0	0	185
0.398	111	184	108	225	276	4	0	0	0	0	185
0.399	111	184	108	225	276	4	0	0	0	0	185
0.4	111	184	108	225	277	4	0	0	0	0	185
0.401	111	184	108	225	277	4	0	0	0	0	185
0.402	111	184	108	225	277	4	0	0	0	0	185
0.403	111	184	108	225	278	4	0	0	0	0	185
0.404	111	184	108	225	278	4	0	0	0	0	185
0.405	111	184	108	225	280	4	0	0	0	0	185
0.406	111	184	108	225	280	4	0	0	0	0	185
0.407	111	184	108	225	280	4	0	0	0	0	185
0.408	111	184	108	225	282	4	0	0	0	0	185
0.409	111	184	108	225	282	4	0	0	0	0	185
0.41	111	184	108	225	282	4	0	0	0	0	185
0.411	111	184	108	225	283	4	0	0	0	0	185
0.412	111	184	108	225	285	4	0	0	0	0	185
0.413	111	184	108	225	286	4	0	0	0	0	185
0.414	111	184	108	225	286	4	0	0	0	0	185
0.415	111	184	108	225	286	4	0	0	0	0	185
0.416	111	184	108	225	287	4	0	0	0	0	185
0.417	111	184	108	225	290	4	0	0	0	0	185
0.418	111	184	108	225	290	4	0	0	0	0	185
0.419	111	184	108	225	290	4	0	0	0	0	185
0.42	111	184	108	225	290	4	0	0	0	0	185
0.421	111	184	108	225	290	4	0	0	0	0	185
0.422	111	184	108	225	291	4	0	0	0	0	185
0.423	111	184	108	225	291	4	0	0	0	0	185
0.424	111	184	108	225	292	4	0	0	0	0	185
0.425	111	184	108	225	294	4	0	0	0	0	185
0.426	111	184	108	225	297	4	0	0	0	0	185
0.427	111	184	108	225	297	4	0	0	0	0	185
0.428	111	184	108	225	299	4	0	0	0	0	185
0.429	111	184	108	225	299	4	0	0	0	0	185
0.43	111	184	108	225	301	4	0	0	0	0	185
0.431	111	184	108	225	304	4	0	0	0	0	185
0.432	111	184	108	225	304	4	0	0	0	0	185
0.433	111	184	108	225	304	4	0	0	0	0	185
0.434	111	184	108	225	306	4	0	0	0	0	185
0.435	111	184	108	225	308	4	0	0	0	0	185
0.436	111	184	108	225	309	4	0	0	0	0	185
0.437	111	184	108	225	309	4	0	0	0	0	185
0.438	111	184	108	225	310	4	0	0	0	0	185
0.439	111	184	108	225	310	4	0	0	0	0	185
0.44	111	184	108	225	310	4	0	0	0	0	185
0.441	111	184	108	225	310	4	0	0	0	0	185
0.442	111	184	108	225	310	4	0	0	0	0	185
0.443	111	184	108	225	310	4	0	0	0	0	185
0.444	111	184	108	225	310	4	0	0	0	0	185
0.445	111	184	108	225	311	4	0	0	0	0	185
0.446	111	184	108	225	311	4	0	0	0	0	185
0.447	111	184	108	225	311	4	0	0	0	0	185
0.448	111	184	108	225	312	4	0	0	0	0	185
0.449	111	184	108	225	312	4	0	0	0	0	185
0.45	111	184	108	225	312	4	0	0	0	0	185
0.451	111	184	108	225	313	4	0	0	0	0	185
0.452	111	184	108	225	313	4	0	0	0	0	185
0.453	111	184	108	225	313	4	0	0	0	0	185
0.454	111	184	108	225	315	4	0	0	0	0	185
0.455	111	184	108	225	315	4	0	0	0	0	185
0.456	111	184	108	225	317	4	0	0	0	0	185
0.457	111	184	108	225	317	4	0	0	0	0	185
0.458	111	184	108	225	317	4	0	0	0	0	185
0.459	111	184	108	225	318	4	0	0	0	0	185
0.46	110	184	108	225	318	4	0	0	0	0	185
0.461	110	184	108	225	318	4	0	0	0	0	185
0.462	110	184	108	225	318	4	0	0	0	0	185
0.463	110	184	108	225	319	4	0	0	0	0	185
0.464	110	184	108	225	320	4	0	0	0	0	185
0.465	110	184	108	225	320	4	0	0	0	0	185
0.466	110	184	108	225	320	4	0	0	0	0	185
0.467	110	184	108	225	323	4	0	0	0	0	185
0.468	110	184	108	225	324	4	0	0	0	0	185
0.469	110	184	108	225	324	4	0	0	0	0	185
0.47	110	184	108	225	324	4	0	0	0	0	185
0.471	110	184	108	225	326	4	0	0	0	0	185
0.472	110	184	108	225	326	4	0	0	0	0	185
0.473	110	184	108	225	326	4	0	0	0	0	185
0.474	111	190	109	232	326	4	0	0	0	0	186
0.475	111	190	109	232	327	4	0	0	0	0	186
0.476	111	190	109	232	327	4	0	0	0	0	186
0.477	111	190	109	232	329	4	0	0	0	0	186
0.478	111	190	109	232	329	4	0	0	0	0	186
0.479	111	190	109	232	329	4	0	0	0	0	186
0.48	111	190	109	232	330	4	0	0	0	0	186
0.481	111	190	109	232	331	4	0	0	0	0	186
0.482	111	190	109	232	331	4	0	0	0	0	186
0.483	111	190	109	232	331	4	0	0	0	0	186
0.484	111	190	109	232	331	4	0	0	0	0	186
0.485	111	190	109	232	331	4	0	0	0	0	186
0.486	111	190	109	232	331	4	0	0	0	0	186
0.487	111	190	109	232	332	4	0	0	0	0	186
0.488	111	190	109	232	333	4	0	0	0	0	186
0.489	111	190	109	232	333	4	0	0	0	0	186
0.49	111	190	109	232	333	4	0	0	0	0	186
0.491	111	190	109	232	333	4	0	0	0	0	186
0.492	111	190	109	232	333	4	0	0	0	0	186
0.493	111	190	109	232	333	4	0	0	0	0	186
0.494	111	190	109	232	333	4	0	0	0	0	186
0.495	111	190	109	232	333	4	0	0	0	0	186
0.496	111	190	109	232	333	4	0	0	0	0	186
0.497	111	190	109	232	334	4	0	0	0	0	186
0.498	111	190	109	232	334	4	0	0	0	0	186
0.499	111	190	109	232	334	4	0	0	0	0	186
0.5	111	190	109	232	334	4	0	0	0	0	186
0.501	111	190	109	232	335	4	0	0	0	0	186
0.502	111	190	109	232	335	4	0	0	0	0	186
0.503	111	190	109	232	335	4	0	0	0	0	186
0.504	111	190	109	232	335	4	0	0	0	0	186
0.505	111	190	109	232	336	4	0	0	0	0	186
0.506	111	190	109	232	336	4	0	0	0	0	186
0.507	111	190	109	232	336	4	0	0	0	0	186
0.508	111	190	109	232	336	4	0	0	0	0	186
0.509	111	190	109	232	336	4	0	0	0	0	186
0.51	111	190	109	232	336	4	0	0	0	0	186
0.511	111	190	109	232	336	4	0	0	0	0	186
0.512	111	190	109	232	336	4	0	0	0	0	186
0.513	111	190	109	232	336	4	0	0	0	0	186
0.514	111	190	109	232	338	4	0	0	0	0	186
0.515	111	190	109	232	338	4	0	0	0	0	186
0.516	111	190	109	232	338	4	0	0	0	0	186
0.517	111	190	109	232	338	4	0	0	0	0	186
0.518	111	190	109	232	338	4	0	0	0	0	186
0.519	111	190	109	232	339	4	0	0	0	0	186
0.52	111	190	109	232	340	4	0	0	0	0	186
0.521	111	190	109	232	340	4	0	0	0	0	186
0.522	111	190	109	232	341	4	0	0	0	0	186
0.523	111	190	109	232	341	4	0	0	0	0	186
0.524	111	190	109	232	341	4	0	0	0	0	186
0.525	111	190	109	232	342	4	0	0	0	0	186
0.526	111	190	109	232	343	4	0	0	0	0	186
0.527	111	190	109	232	343	4	0	0	0	0	186
0.528	111	190	109	232	344	4	0	0	0	0	186
0.529	111	190	109	232	345	4	0	0	0	0	186
0.53	111	190	109	232	345	4	0	0	0	0	186
0.531	111	190	109	232	345	4	0	0	0	0	186
0.532	111	190	109	232	345	4	0	0	0	0	186
0.533	111	190	109	232	346	4	0	0	0	0	186
0.534	111	190	109	232	346	4	0	0	0	0	186
0.535	111	190	109	232	347	4	0	0	0	0	186
0.536	111	190	109	232	348	4	0	0	0	0	186
0.537	111	190	109	232	348	4	0	0	0	0	186
0.538	111	190	109	232	348	4	0	0	0	0	186
0.539	111	190	109	232	349	4	0	0	0	0	186
0.54	111	190	109	232	349	4	0	0	0	0	186
0.541	111	190	109	232	351	4	0	0	0	0	186
0.542	111	190	109	232	352	4	0	0	0	0	186
0.543	111	190	109	232	353	4	0	0	0	0	186
0.544	111	190	109	232	353	4	0	0	0	0	186
0.545	111	190	109	232	353	4	0	0	0	0	186
0.546	111	190	109	232	353	4	0	0	0	0	186
0.547	111	190	109	232	353	4	0	0	0	0	186
0.548	111	190	109	232	353	4	0	0	0	0	186
0.549	111	190	109	232	353	4	0	0	0	0	186
0.55	111	190	109	232	354	4	0	0	0	0	186
0.551	111	190	109	232	354	4	0	0	0	0	186
0.552	111	190	109	232	355	4	0	0	0	0	186
0.553	111	190	109	232	356	4	0	0	0	0	186
0.554	111	190	109	232	356	4	0	0	0	0	186
0.555	111	190	109	232	356	4	0	0	0	0	186
0.556	111	190	109	232	357	4	0	0	0	0	186
0.557	111	190	109	232	358	4	0	0	0	0	186
0.558	111	190	109	232	358	4	0	0	0	0	186
0.559	111	190	109	232	358	4	0	0	0	0	186
0.56	111	190	109	232	361	4	0	0	0	0	186
0.561	111	190	109	232	361	4	0	0	0	0	186
0.562	111	190	109	232	361	4	0	0	0	0	186
0.563	111	190	109	232	361	4	0	0	0	0	186
0.564	111	190	109	232	361	4	0	0	0	0	186
0.565	111	190	109	232	361	4	0	0	0	0	186
0.566	111	190	109	232	363	4	0	0	0	0	186
0.567	111	190	109	232	364	4	0	0	0	0	186
0.568	111	190	109	232	366	4	0	0	0	0	186
0.569	111	190	109	232	366	4	0	0	0	0	186
0.57	111	190	109	232	367	4	0	0	0	0	186
0.571	111	190	109	232	370	4	0	0	0	0	186
0.572	115	192	110	238	372	4	0	0	0	0	187
0.573	115	192	110	238	372	4	0	0	0	0	187
0.574	115	192	110	238	372	4	0	0	0	0	187
0.575	115	192	110	238	372	4	0	0	0	0	187
0.576	115	192	110	238	373	4	0	0	0	0	187
0.577	115	192	110	238	373	4	0	0	0	0	187
0.578	115	192	110	238	373	4	0	0	0	0	187
0.579	115	192	110	238	373	4	0	0	0	0	187
0.58	115	192	110	238	374	4	0	0	0	0	187
0.581	115	192	110	238	374	4	0	0	0	0	187
0.582	115	192	110	238	374	4	0	0	0	0	187
0.583	115	192	110	238	375	4	0	0	0	0	187
0.584	115	192	110	238	376	4	0	0	0	0	187
0.585	115	192	110	238	376	4	0	0	0	0	187
0.586	115	192	110	238	378	4	0	0	0	0	187
0.587	115	192	110	238	380	4	0	0	0	0	187
0.588	115	192	110	238	380	4	0	0	0	0	187
0.589	115	192	110	238	381	4	0	0	0	0	187
0.59	115	192	110	238	381	4	0	0	0	0	187
0.591	115	192	110	238	381	4	0	0	0	0	187
0.592	115	192	110	238	381	4	0	0	0	0	187
0.593	115	192	110	238	382	4	0	0	0	0	187
0.594	115	192	110	238	382	4	0	0	0	0	187
0.595	115	192	110	238	382	4	0	0	0	0	187
0.596	115	192	110	238	382	4	0	0	0	0	187
0.597	115	192	110	238	382	4	0	0	0	0	187
0.598	115	192	110	238	383	4	0	0	0	0	187
0.599	115	192	110	238	383	4	0	0	0	0	187
0.6	115	192	110	238	384	4	0	0	0	0	187
0.601	115	192	110	238	384	4	0	0	0	0	187
0.602	115	192	110	238	384	4	0	0	0	0	187
0.603	115	192	110	238	384	4	0	0	0	0	187
0.604	115	192	110	238	384	4	0	0	0	0	187
0.605	115	192	110	238	384	4	0	0	0	0	187
0.606	115	192	110	238	384	4	0	0	0	0	187
0.607	115	192	110	238	386	4	0	0	0	0	187
0.608	115	192	110	238	386	4	0	0	0	0	187
0.609	115	192	110	238	388	4	0	0	0	0	187
0.61	115	192	110	238	388	4	0	0	0	0	187
0.611	115	192	110	238	388	4	0	0	0	0	187
0.612	115	192	110	238	388	4	0	0	0	0	187
0.613	115	192	110	238	392	4	0	0	0	0	187
0.614	115	192	110	238	392	4	0	0	0	0	187
0.615	115	192	110	238	392	4	0	0	0	0	187
0.616	115	192	110	238	392	4	0	0	0	0	187
0.617	115	192	110	238	392	4	0	0	0	0	187
0.618	115	192	110	238	393	4	0	0	0	0	187
0.619	115	192	110	238	393	4	0	0	0	0	187
0.62	115	192	110	238	395	4	0	0	0	0	187
0.621	115	192	110	238	395	4	0	0	0	0	187
0.622	115	192	110	238	398	4	0	0	0	0	187
0.623	115	192	110	238	398	4	0	0	0	0	187
0.624	115	192	110	238	398	4	0	0	0	0	187
0.625	115	192	110	238	400	4	0	0	0	0	187
0.626	115	192	110	238	400	4	0	0	0	0	187
0.627	115	192	110	238	400	4	0	0	0	0	187
0.628	115	192	110	238	400	4	0	0	0	0	187
0.629	115	192	110	238	400	4	0	0	0	0	187
0.63	115	192	110	238	400	4	0	0	0	0	187
0.631	115	192	110	238	401	4	0	0	0	0	187
0.632	115	192	110	238	402	4	0	0	0	0	187
0.633	115	192	110	238	402	4	0	0	0	0	187
0.634	115	192	110	238	402	4	0	0	0	0	187
0.635	115	192	110	238	402	4	0	0	0	0	187
0.636	115	192	110	238	402	4	0	0	0	0	187
0.637	115	192	110	238	402	4	0	0	0	0	187
0.638	115	192	110	238	402	4	0	0	0	0	187
0.639	115	192	110	238	403	4	0	0	0	0	187
0.64	115	192	110	238	403	4	0	0	0	0	187
0.641	115	192	110	238	403	4	0	0	0	0	187
0.642	115	192	110	238	403	4	0	0	0	0	187
0.643	115	192	110	238	403	4	0	0	0	0	187
0.644	115	192	110	238	403	4	0	0	0	0	187
0.645	115	192	110	238	403	4	0	0	0	0	187
0.646	115	192	110	238	403	4	0	0	0	0	187
0.647	115	192	110	238	403	4	0	0	0	0	187
0.648	115	192	110	238	403	4	0	0	0	0	187
0.649	115	192	110	238	403	4	0	0	0	0	187
0.65	115	192	110	238	403	4	0	0	0	0	187
0.651	115	192	110	238	403	4	0	0	0	0	187
0.652	115	192	110	238	404	4	0	0	0	0	187
0.653	115	192	110	238	405	4	0	0	0	0	187
0.654	115	192	110	238	405	4	0	0	0	0	187
0.655	115	192	110	238	405	4	0	0	0	0	187
0.656	115	192	110	238	408	4	0	0	0	0	187
0.657	115	192	110	238	408	4	0	0	0	0	187
0.658	115	192	110	238	408	4	0	0	0	0	187
0.659	115	192	110	238	409	4	0	0	0	0	187
0.66	115	192	110	238	409	4	0	0	0	0	187
0.661	115	192	110	238	410	4	0	0	0	0	187
0.662	115	192	110	238	410	4	0	0	0	0	187
0.663	115	192	110	238	412	4	0	0	0	0	187
0.664	115	192	110	238	413	4	0	0	0	0	187
0.665	115	192	110	238	417	4	0	0	0	0	187
0.666	115	192	110	238	417	4	0	0	0	0	187
0.667	115	192	110	238	418	4	0	0	0	0	187
0.668	115	192	110	238	418	4	0	0	0	0	187
0.669	115	192	110	238	419	4	0	0	0	0	187
0.67	115	192	110	238	419	4	0	0	0	0	187
0.671	115	192	110	238	419	4	0	0	0	0	187
0.672	115	192	110	238	419	4	0	0	0	0	187
0.673	115	192	110	238	422	4	0	0	0	0	187
0.674	115	192	110	238	423	4	0	0	0	0	187
0.675	115	192	110	238	423	4	0	0	0	0	187
0.676	115	192	110	238	423	4	0	0	0	0	187
0.677	115	192	110	238	423	4	0	0	0	0	187
0.678	115	192	110	238	423	4	0	0	0	0	187
0.679	115	192	110	238	423	4	0	0	0	0	187
0.68	115	192	110	238	423	4	0	0	0	0	187
0.681	115	192	110	238	423	4	0	0	0	0	187
0.682	115	192	110	238	423	4	0	0	0	0	187
0.683	115	192	110	238	424	4	0	0	0	0	187
0.684	115	192	110	238	424	4	0	0	0	0	187
0.685	115	192	110	238	424	4	0	0	0	0	187
0.686	115	192	110	238	427	4	0	0	0	0	187
0.687	115	192	110	238	427	4	0	0	0	0	187
0.688	115	192	110	238	428	4	0	0	0	0	187
0.689	115	192	110	238	428	4	0	0	0	0	187
0.69	115	192	110	238	428	4	0	0	0	0	187
0.691	115	192	110	238	429	4	0	0	0	0	187
0.692	115	192	110	238	429	4	0	0	0	0	187
0.693	115	192	110	238	429	4	0	0	0	0	187
0.694	115	192	110	238	429	4	0	0	0	0	187
0.695	115	192	110	238	429	4	0	0	0	0	187
0.696	115	192	110	238	430	4	0	0	0	0	187
0.697	115	192	110	238	430	4	0	0	0	0	187
0.698	115	192	110	238	430	4	0	0	0	0	187
0.699	115	192	110	238	431	4	0	0	0	0	187
0.7	115	192	110	238	432	4	0	0	0	0	187
0.701	115	192	110	238	432	4	0	0	0	0	187
0.702	115	192	110	238	432	4	0	0	0	0	187
0.703	115	192	110	238	433	4	0	0	0	0	187
0.704	115	192	110	238	433	4	0	0	0	0	187
0.705	115	192	110	238	434	4	0	0	0	0	187
0.706	115	192	110	238	434	4	0	0	0	0	187
0.707	115	192	110	238	434	4	0	0	0	0	187
0.708	115	192	110	238	434	4	0	0	0	0	187
0.709	115	192	110	238	434	4	0	0	0	0	187
0.71	115	192	110	238	434	4	0	0	0	0	187
0.711	115	192	110	238	434	4	0	0	0	0	187
0.712	115	192	110	238	435	4	0	0	0	0	187
0.713	115	192	110	238	437	4	0	0	0	0	187
0.714	115	192	110	238	438	4	0	0	0	0	187
0.715	115	192	110	238	438	4	0	0	0	0	187
0.716	115	192	110	238	439	4	0	0	0	0	187
0.717	115	192	110	238	439	4	0	0	0	0	187
0.718	115	192	110	238	439	4	0	0	0	0	187
0.719	115	192	110	238	439	4	0	0	0	0	187
0.72	115	192	110	238	439	4	0	0	0	0	187
0.721	115	192	110	238	443	4	0	0	0	0	187
0.722	115	192	110	238	443	4	0	0	0	0	187
0.723	115	192	110	238	443	4	0	0	0	0	187
0.724	115	192	110	238	443	4	0	0	0	0	187
0.725	115	192	110	238	443	4	0	0	0	0	187
0.726	115	192	110	238	443	4	0	0	0	0	187
0.727	115	192	110	238	443	4	0	0	0	0	187
0.728	115	192	110	238	443	4	0	0	0	0	187
0.729	115	192	110	238	443	4	0	0	0	0	187
0.73	115	192	110	238	443	4	0	0	0	0	187
0.731	115	192	110	238	443	4	0	0	0	0	187
0.732	115	192	110	238	443	4	0	0	0	0	187
0.733	115	192	110	238	443	4	0	0	0	0	187
0.734	115	192	110	238	443	4	0	0	0	0	187
0.735	115	192	110	238	445	4	0	0	0	0	187
0.736	115	192	110	238	445	4	0	0	0	0	187
0.737	115	192	110	238	446	4	0	0	0	0	187
0.738	115	192	110	238	446	4	0	0	0	0	187
0.739	115	192	110	238	446	4	0	0	0	0	187
0.74	115	192	110	238	446	4	0	0	0	0	187
0.741	115	192	110	238	446	4	0	0	0	0	187
0.742	115	192	110	238	446	4	0	0	0	0	187
0.743	115	192	110	238	446	4	0	0	0	0	187
0.744	115	192	110	238	448	4	0	0	0	0	187
0.745	115	192	110	238	449	4	0	0	0	0	187
0.746	116	194	112	242	450	4	0	0	0	0	188
0.747	116	196	112	244	450	4	0	0	0	0	188
0.748	116	196	112	244	450	4	0	0	0	0	188
0.749	116	196	112	244	451	4	0	0	0	0	188
0.75	116	196	112	244	451	4	0	0	0	0	188
0.751	116	196	112	244	452	4	0	0	0	0	188
0.752	116	196	112	244	453	4	0	0	0	0	188
0.753	116	196	112	244	453	4	0	0	0	0	188
0.754	116	196	112	244	453	4	0	0	0	0	188
0.755	116	196	112	244	453	4	0	0	0	0	188
0.756	116	196	112	244	454	4	0	0	0	0	188
0.757	116	196	112	244	454	4	0	0	0	0	188
0.758	116	196	112	244	455	4	0	0	0	0	188
0.759	116	196	112	244	455	4	0	0	0	0	188
0.76	116	196	112	244	456	4	0	0	0	0	188
0.761	116	196	112	244	456	4	0	0	0	0	188
0.762	116	196	112	244	457	4	0	0	0	0	188
0.763	116	196	112	244	457	4	0	0	0	0	188
0.764	116	196	112	244	457	4	0	0	0	0	188
0.765	116	196	112	244	457	4	0	0	0	0	188
0.766	116	196	112	244	457	4	0	0	0	0	188
0.767	116	196	112	244	457	4	0	0	0	0	188
0.768	116	196	112	244	458	4	0	0	0	0	188
0.769	116	196	112	244	460	4	0	0	0	0	188
0.77	116	196	112	244	460	4	0	0	0	0	188
0.771	116	196	112	244	460	4	0	0	0	0	188
0.772	116	196	112	244	460	4	0	0	0	0	188
0.773	116	196	112	244	460	4	0	0	0	0	188
0.774	116	196	112	244	460	4	0	0	0	0	188
0.775	116	196	112	244	460	4	0	0	0	0	188
0.776	116	196	112	244	460	4	0	0	0	0	188
0.777	116	196	112	244	460	4	0	0	0	0	188
0.778	116	196	112	244	460	4	0	0	0	0	188
0.779	116	196	112	244	460	4	0	0	0	0	188
0.78	116	196	112	244	460	4	0	0	0	0	188
0.781	116	196	112	244	460	4	0	0	0	0	188
0.782	116	196	112	244	460	4	0	0	0	0	188
0.783	116	196	112	244	460	4	0	0	0	0	188
0.784	116	196	112	244	461	4	0	0	0	0	188
0.785	116	196	112	244	461	4	0	0	0	0	188
0.786	116	196	112	244	461	4	0	0	0	0	188
0.787	116	196	112	244	461	4	0	0	0	0	188
0.788	116	196	112	244	461	4	0	0	0	0	188
0.789	116	196	112	244	461	4	0	0	0	0	188
0.79	116	196	112	244	462	4	0	0	0	0	188
0.791	116	196	112	244	462	4	0	0	0	0	188
0.792	116	196	112	244	462	4	0	0	0	0	188
0.793	116	196	112	244	462	4	0	0	0	0	188
0.794	116	196	112	244	462	4	0	0	0	0	188
0.795	116	196	112	244	462	4	0	0	0	0	188
0.796	116	196	112	244	463	4	0	0	0	0	188
0.797	116	196	112	244	464	4	0	0	0	0	188
0.798	116	196	112	244	464	4	0	0	0	0	188
0.799	116	196	112	244	465	4	0	0	0	0	188
0.8	116	196	112	244	466	4	0	0	0	0	188
0.801	116	196	112	244	467	4	0	0	0	0	188
0.802	116	196	112	244	467	4	0	0	0	0	188
0.803	116	196	112	244	468	4	0	0	0	0	188
0.804	116	196	112	244	468	4	0	0	0	0	188
0.805	116	196	112	244	468	4	0	0	0	0	188
0.806	116	196	112	244	468	4	0	0	0	0	188
0.807	116	196	112	244	468	4	0	0	0	0	188
0.808	116	196	112	244	468	4	0	0	0	0	188
0.809	116	196	112	244	468	4	0	0	0	0	188
0.81	116	196	112	244	468	4	0	0	0	0	188
0.811	116	196	112	244	468	4	0	0	0	0	188
0.812	116	196	112	244	468	4	0	0	0	0	188
0.813	116	196	112	244	468	4	0	0	0	0	188
0.814	116	196	112	244	468	4	0	0	0	0	188
0.815	116	196	112	244	468	4	0	0	0	0	188
0.816	116	196	112	244	469	4	0	0	0	0	188
0.817	116	196	112	244	469	4	0	0	0	0	188
0.818	116	196	112	244	469	4	0	0	0	0	188
0.819	116	196	112	244	469	4	0	0	0	0	188
0.82	116	196	112	244	469	4	0	0	0	0	188
0.821	116	196	112	244	469	4	0	0	0	0	188
0.822	116	196	112	244	469	4	0	0	0	0	188
0.823	116	196	112	244	469	4	0	0	0	0	188
0.824	116	196	112	244	469	4	0	0	0	0	188
0.825	116	196	112	244	469	4	0	0	0	0	188
0.826	116	196	112	244	469	4	0	0	0	0	188
0.827	116	196	112	244	470	4	0	0	0	0	188
0.828	116	196	112	244	470	4	0	0	0	0	188
0.829	116	196	112	244	471	4	0	0	0	0	188
0.83	116	196	112	244	471	4	0	0	0	0	188
0.831	116	196	112	244	471	4	0	0	0	0	188
0.832	116	196	112	244	471	4	0	0	0	0	188
0.833	116	196	112	244	471	4	0	0	0	0	188
0.834	116	196	112	244	471	4	0	0	0	0	188
0.835	116	196	112	244	471	4	0	0	0	0	188
0.836	116	196	112	244	471	4	0	0	0	0	188
0.837	116	196	112	244	471	4	0	0	0	0	188
0.838	116	196	112	244	471	4	0	0	0	0	188
0.839	116	196	112	244	471	4	0	0	0	0	188
0.84	116	196	112	244	471	4	0	0	0	0	188
0.841	116	196	112	244	471	4	0	0	0	0	188
0.842	116	196	112	244	472	4	0	0	0	0	188
0.843	116	196	112	244	472	4	0	0	0	0	188
0.844	116	196	112	244	473	4	0	0	0	0	188
0.845	116	196	112	244	473	4	0	0	0	0	188
0.846	116	196	112	244	473	4	0	0	0	0	188
0.847	116	196	112	244	473	4	0	0	0	0	188
0.848	116	196	112	244	473	4	0	0	0	0	188
0.849	116	196	112	244	473	4	0	0	0	0	188
0.85	116	196	112	244	474	4	0	0	0	0	188
0.851	116	196	112	244	475	4	0	0	0	0	188
0.852	116	196	112	244	475	4	0	0	0	0	188
0.853	116	196	112	244	475	4	0	0	0	0	188
0.854	116	196	112	244	476	4	0	0	0	0	188
0.855	116	196	112	244	476	4	0	0	0	0	188
0.856	116	196	112	244	476	4	0	0	0	0	188
0.857	116	196	112	244	477	4	0	0	0	0	188
0.858	116	196	112	244	477	4	0	0	0	0	188
0.859	116	196	112	244	478	4	0	0	0	0	188
0.86	116	196	112	244	478	4	0	0	0	0	188
0.861	116	196	112	244	478	4	0	0	0	0	188
0.862	116	196	112	244	478	4	0	0	0	0	188
0.863	116	196	112	244	479	4	0	0	0	0	188
0.864	116	196	112	244	479	4	0	0	0	0	188
0.865	116	196	112	244	479	4	0	0	0	0	188
0.866	116	196	112	244	479	4	0	0	0	0	188
0.867	116	196	112	244	479	4	0	0	0	0	188
0.868	116	196	112	244	479	4	0	0	0	0	188
0.869	116	196	112	244	479	4	0	0	0	0	188
0.87	116	196	112	244	479	4	0	0	0	0	188
0.871	116	196	112	244	479	4	0	0	0	0	188
0.872	116	196	112	244	479	4	0	0	0	0	188
0.873	116	196	112	244	479	4	0	0	0	0	188
0.874	116	196	112	244	480	4	0	0	0	0	188
0.875	116	196	112	244	480	4	0	0	0	0	188
0.876	116	196	112	244	481	4	0	0	0	0	188
0.877	116	196	112	244	481	4	0	0	0	0	188
0.878	116	196	112	244	482	4	0	0	0	0	188
0.879	116	196	112	244	482	4	0	0	0	0	188
0.88	116	196	112	244	483	4	0	0	0	0	188
0.881	116	196	112	244	483	4	0	0	0	0	188
0.882	116	196	112	244	483	4	0	0	0	0	188
0.883	116	196	112	244	483	4	0	0	0	0	188
0.884	116	196	112	244	483	4	0	0	0	0	188
0.885	116	196	112	244	483	4	0	0	0	0	188
0.886	116	196	112	244	483	4	0	0	0	0	188
0.887	116	196	112	244	483	4	0	0	0	0	188
0.888	116	196	112	244	484	4	0	0	0	0	188
0.889	116	196	112	244	484	4	0	0	0	0	188
0.89	116	196	112	244	484	4	0	0	0	0	188
0.891	116	196	112	244	484	4	0	0	0	0	188
0.892	116	196	112	244	484	4	0	0	0	0	188
0.893	116	196	112	244	484	4	0	0	0	0	188
0.894	116	196	112	244	484	4	0	0	0	0	188
0.895	116	196	112	244	484	4	0	0	0	0	188
0.896	116	196	112	244	484	4	0	0	0	0	188
0.897	116	196	112	244	485	4	0	0	0	0	188
0.898	116	196	112	244	485	4	0	0	0	0	188
0.899	116	196	112	244	485	4	0	0	0	0	188
0.9	116	196	112	244	485	4	0	0	0	0	188
0.901	116	196	112	244	485	4	0	0	0	0	188
0.902	116	196	112	244	485	4	0	0	0	0	188
0.903	116	196	112	244	485	4	0	0	0	0	188
0.904	116	196	112	244	485	4	0	0	0	0	188
0.905	116	196	112	244	485	4	0	0	0	0	188
0.906	116	196	112	244	485	4	0	0	0	0	188
0.907	116	196	112	244	485	4	0	0	0	0	188
0.908	116	196	112	244	485	4	0	0	0	0	188
0.909	116	196	112	244	485	4	0	0	0	0	188
0.91	116	196	112	244	487	4	0	0	0	0	188
0.911	116	196	112	244	487	4	0	0	0	0	188
0.912	116	196	112	244	487	4	0	0	0	0	188
0.913	116	196	112	244	487	4	0	0	0	0	188
0.914	116	196	112	244	487	4	0	0	0	0	188
0.915	116	196	112	244	487	4	0	0	0	0	188
0.916	116	196	112	244	487	4	0	0	0	0	188
0.917	116	196	112	244	487	4	0	0	0	0	188
0.918	116	196	112	244	487	4	0	0	0	0	188
0.919	116	196	112	244	487	4	0	0	0	0	188
0.92	116	196	112	244	487	4	0	0	0	0	188
0.921	116	196	112	244	488	4	0	0	0	0	188
0.922	116	196	112	244	488	4	0	0	0	0	188
0.923	116	196	112	244	488	4	0	0	0	0	188
0.924	116	196	112	244	488	4	0	0	0	0	188
0.925	116	196	112	244	489	4	0	0	0	0	188
0.926	116	196	112	244	490	4	0	0	0	0	188
0.927	116	196	112	244	490	4	0	0	0	0	188
0.928	116	196	112	244	490	4	0	0	0	0	188
0.929	116	196	112	244	491	4	0	0	0	0	188
0.93	116	196	112	244	493	4	0	0	0	0	188
0.931	116	196	112	244	493	4	0	0	0	0	188
0.932	116	196	112	244	494	4	0	0	0	0	188
0.933	116	196	112	244	494	4	0	0	0	0	188
0.934	116	196	112	244	494	4	0	0	0	0	188
0.935	116	196	112	244	496	4	0	0	0	0	188
0.936	116	196	112	244	496	4	0	0	0	0	188
0.937	116	196	112	244	496	4	0	0	0	0	188
0.938	116	196	112	244	496	4	0	0	0	0	188
0.939	116	196	112	244	496	4	0	0	0	0	188
0.94	116	196	112	244	496	4	0	0	0	0	188
0.941	116	196	112	244	496	4	0	0	0	0	188
0.942	116	196	112	244	496	4	0	0	0	0	188
0.943	116	196	112	244	496	4	0	0	0	0	188
0.944	116	196	112	244	496	4	0	0	0	0	188
0.945	116	196	112	244	496	4	0	0	0	0	188
0.946	116	196	112	244	497	4	0	0	0	0	188
0.947	116	196	112	244	497	4	0	0	0	0	188
0.948	116	196	112	244	497	4	0	0	0	0	188
0.949	116	196	112	244	497	4	0	0	0	0	188
0.95	116	196	112	244	497	4	0	0	0	0	188
0.951	116	196	112	244	497	4	0	0	0	0	188
0.952	116	196	112	244	497	4	0	0	0	0	188
0.953	116	196	112	244	497	4	0	0	0	0	188
0.954	116	196	112	244	497	4	0	0	0	0	188
0.955	116	196	112	244	498	4	0	0	0	0	188
0.956	116	196	112	244	498	4	0	0	0	0	188
0.957	116	196	112	244	498	4	0	0	0	0	188
0.958	116	196	112	244	499	4	0	0	0	0	188
0.959	116	196	112	244	500	4	0	0	0	0	188
0.96	116	196	112	244	501	4	0	0	0	0	188
0.961	116	196	112	244	501	4	0	0	0	0	188
0.962	116	196	112	244	501	4	0	0	0	0	188
0.963	116	196	112	244	501	4	0	0	0	0	188
0.964	116	196	112	244	501	4	0	0	0	0	188
0.965	116	196	112	244	502	4	0	0	0	0	188
0.966	116	196	112	244	502	4	0	0	0	0	188
0.967	116	196	112	244	502	4	0	0	0	0	188
0.968	116	196	112	244	502	4	0	0	0	0	188
0.969	116	196	112	244	503	4	0	0	0	0	188
0.97	116	196	112	244	504	4	0	0	0	0	188
0.971	116	196	112	244	506	4	0	0	0	0	188
0.972	116	196	112	244	506	4	0	0	0	0	188
0.973	116	196	112	244	506	4	0	0	0	0	188
0.974	116	196	112	244	506	4	0	0	0	0	188
0.975	116	196	112	244	506	4	0	0	0	0	188
0.976	116	196	112	244	506	4	0	0	0	0	188
0.977	116	196	112	244	506	4	0	0	0	0	188
0.978	116	196	112	244	507	4	0	0	0	0	188
0.979	116	196	112	244	507	4	0	0	0	0	188
0.98	116	196	112	244	507	4	0	0	0	0	188
0.981	116	196	112	244	507	4	0	0	0	0	188
0.982	116	196	112	244	507	4	0	0	0	0	188
0.983	116	196	112	244	507	4	0	0	0	0	188
0.984	116	196	112	244	509	4	0	0	0	0	188
0.985	116	196	112	244	510	4	0	0	0	0	188
0.986	116	196	112	244	511	4	0	0	0	0	188
0.987	116	196	112	244	512	4	0	0	0	0	188
0.988	116	196	112	244	512	4	0	0	0	0	188
0.989	116	196	112	244	513	4	0	0	0	0	188
0.99	116	196	112	244	513	4	0	0	0	0	188
0.991	116	196	112	244	515	4	0	0	0	0	188
0.992	116	196	112	244	515	4	0	0	0	0	188
0.993	116	196	112	244	515	4	0	0	0	0	188
0.994	116	196	112	244	515	4	0	0	0	0	188
0.995	116	196	112	244	515	4	0	0	0	0	188
0.996	116	196	112	244	516	4	0	0	0	0	188
0.997	116	196	112	244	516	4	0	0	0	0	188
0.998	116	196	112	244	516	4	0	0	0	0	188
0.999	116	196	112	244	516	4	0	0	0	0	188
1	116	196	112	244	517	4	0	0	0	0	188
