Time (s),ap2Mem,leg
0.015,21,1
0.03,32,3
0.045,58,4
0.06,74,5
0.075,90,5
0.09,99,7
0.105,109,8
0.12,118,6
0.135,126,5
0.15,134,5
0.165,137,4
0.18,142,4
0.195,144,3
0.21,145,2
0.225,149,2
0.24,151,2
0.255,150,3
0.27,153,2
0.285,158,2
0.3,156,3
0.315,157,5
0.33,156,5
0.345,156,6
0.36,159,7
0.375,160,8
0.39,161,10
0.405,160,9
0.42,158,8
0.435,157,7
0.45,158,7
0.465,158,10
0.48,160,11
0.495,160,7
0.51,160,8
0.525,160,7
0.54,161,5
0.555,162,4
0.57,163,5
0.585,163,7
0.6,168,7
0.615,165,8
0.63,161,6
0.645,160,6
0.66,159,9
0.675,160,9
0.69,159,7
0.705,157,6
0.72,159,6
0.735,159,8
0.75,160,7
0.765,162,7
0.78,162,7
0.795,161,8
0.81,163,6
0.825,163,4
0.84,162,5
0.855,161,8
0.87,161,8
0.885,160,6
0.9,159,4
0.915,158,4
0.93,161,3
0.945,160,3
0.96,160,6
0.975,162,8
0.99,162,6
1.005,163,7
1.02,164,8
1.035,163,5
1.05,164,4
1.065,163,7
1.08,163,8
1.095,160,8
1.11,163,7
1.125,162,7
1.14,161,8
1.155,160,7
1.17,160,10
1.185,161,9
1.2,161,9
1.215,159,9
1.23,158,7
1.245,157,7
1.26,157,6
1.275,158,5
1.29,158,6
1.305,158,6
1.32,160,6
1.335,160,7
1.35,157,5
1.365,158,5
1.38,158,5
1.395,159,6
1.41,157,8
1.425,158,8
1.44,158,9
1.455,159,7
1.47,160,7
1.485,161,6
1.5,162,8
1.515,161,6
1.53,160,7
1.545,164,8
1.56,165,9
1.575,166,7
1.59,164,8
1.605,166,7
1.62,164,7
1.635,164,7
1.65,163,9
1.665,162,9
1.68,163,10
1.695,162,10
1.71,162,9
1.725,164,9
1.74,163,8
1.755,161,6
1.77,161,7
1.785,160,10
1.8,160,10
1.815,158,11
1.83,155,11
1.845,157,13
1.86,158,14
1.875,158,15
1.89,158,15
1.905,159,14
1.92,157,13
1.935,159,13
1.95,159,13
1.965,160,11
1.98,163,8
1.995,161,8
2.01,160,7
2.025,157,7
2.04,159,8
2.055,160,7
2.07,160,8
2.085,161,6
2.1,158,6
2.115,158,6
2.13,159,6
2.145,160,6
2.16,162,6
2.175,159,7
2.19,157,6
2.205,158,6
2.22,154,7
2.235,157,7
2.25,158,8
2.265,155,8
2.28,156,8
2.295,161,12
2.31,163,11
2.325,164,9
2.34,165,9
2.355,166,9
2.37,163,7
2.385,160,8
2.4,161,7
2.415,163,7
2.43,164,8
2.445,163,7
2.46,160,7
2.475,162,9
2.49,162,10
2.505,163,9
2.52,162,8
2.535,160,7
2.55,162,7
2.565,165,4
2.58,166,5
2.595,168,6
2.61,164,7
2.625,162,6
2.64,161,8
2.655,161,8
2.67,160,8
2.685,157,7
2.7,157,6
2.715,156,6
2.73,156,7
2.745,157,6
2.76,157,6
2.775,157,5
2.79,156,5
2.805,159,6
2.82,159,7
2.835,159,8
2.85,158,10
2.865,159,9
2.88,161,9
2.895,159,9
2.91,160,11
2.925,157,10
2.94,157,9
2.955,156,8
2.97,154,8
2.985,158,7
3,157,6
3.015,157,7
3.03,159,8
3.045,157,7
3.06,155,8
3.075,158,9
3.09,155,8
3.105,157,8
3.12,158,5
3.135,159,7
3.15,158,6
3.165,158,7
3.18,157,6
3.195,155,6
3.21,151,8
3.225,152,6
3.24,152,6
3.255,154,7
3.27,153,9
3.285,155,10
3.3,156,9
3.315,161,14
3.33,162,14
3.345,161,11
3.36,160,9
3.375,161,6
3.39,162,6
3.405,161,8
3.42,160,4
3.435,159,3
3.45,158,3
3.465,157,3
3.48,159,3
3.495,164,3
3.51,165,3
3.525,166,3
3.54,162,4
3.555,163,4
3.57,166,5
3.585,161,6
3.6,163,5
3.615,162,7
3.63,159,7
3.645,162,8
3.66,162,8
3.675,161,9
3.69,161,10
3.705,161,12
3.72,160,12
3.735,159,13
3.75,158,13
3.765,163,11
3.78,164,9
3.795,165,10
3.81,165,11
3.825,167,10
3.84,164,12
3.855,164,11
3.87,164,11
3.885,163,8
3.9,160,10
3.915,160,12
3.93,161,11
3.945,159,10
3.96,156,8
3.975,155,10
3.99,157,10
4.005,159,8
4.02,158,9
4.035,160,11
4.05,162,10
4.065,160,10
4.08,160,10
4.095,161,12
4.11,162,12
4.125,162,11
4.14,162,9
4.155,161,9
4.17,162,11
4.185,163,9
4.2,163,12
4.215,162,13
4.23,163,10
4.245,161,9
4.26,161,8
4.275,162,7
4.29,158,7
4.305,156,7
4.32,157,5
4.335,155,5
4.35,157,5
4.365,156,6
4.38,157,5
4.395,159,6
4.41,156,4
4.425,157,5
4.44,156,6
4.455,158,6
4.47,155,6
4.485,153,8
4.5,152,10
4.515,152,11
4.53,154,10
4.545,154,12
4.56,156,10
4.575,155,9
4.59,157,10
4.605,157,9
4.62,160,10
4.635,158,11
4.65,161,8
4.665,161,7
4.68,161,6
4.695,159,3
4.71,159,4
4.725,158,6
4.74,160,7
4.755,159,8
4.77,158,8
4.785,159,8
4.8,153,7
4.815,154,13
4.83,158,14
4.845,159,14
4.86,158,12
4.875,160,15
4.89,163,14
4.905,164,11
4.92,164,11
4.935,165,10
4.95,165,9
4.965,165,8
4.98,163,7
4.995,162,5
5.01,162,5
5.025,161,5
5.04,159,6
5.055,159,6
5.07,160,6
5.085,161,6
5.1,162,6
5.115,161,6
5.13,159,10
5.145,157,9
5.16,158,11
5.175,159,12
5.19,161,11
5.205,161,10
5.22,163,10
5.235,163,9
5.25,163,7
5.265,163,5
5.28,163,6
5.295,163,5
5.31,164,4
5.325,159,4
5.34,161,8
5.355,160,8
5.37,157,8
5.385,157,8
5.4,160,10
5.415,162,13
5.43,162,12
5.445,162,11
5.46,161,10
5.475,160,10
5.49,158,10
5.505,161,10
5.52,161,9
5.535,163,8
5.55,160,7
5.565,159,8
5.58,159,10
5.595,157,10
5.61,161,11
5.625,159,10
5.64,160,10
5.655,162,10
5.67,163,10
5.685,164,10
5.7,163,11
5.715,161,12
5.73,161,12
5.745,161,12
5.76,163,12
5.775,161,11
5.79,160,8
5.805,161,8
5.82,163,6
5.835,164,8
5.85,163,7
5.865,160,7
5.88,162,6
5.895,162,6
5.91,161,5
5.925,164,6
5.94,164,4
5.955,165,3
5.97,165,7
5.985,163,5
6,165,5
6.015,165,4
6.03,163,4
6.045,161,6
6.06,162,8
6.075,161,4
6.09,162,5
6.105,161,4
6.12,160,6
6.135,161,7
6.15,160,8
6.165,160,9
6.18,161,8
6.195,161,8
6.21,159,9
6.225,162,8
6.24,160,7
6.255,158,8
6.27,157,8
6.285,158,9
6.3,154,8
6.315,156,8
6.33,157,7
6.345,158,7
6.36,161,10
6.375,161,9
6.39,162,9
6.405,161,8
6.42,162,7
6.435,161,8
6.45,161,9
6.465,162,13
6.48,159,11
6.495,161,11
6.51,162,13
6.525,161,12
6.54,161,11
6.555,162,9
6.57,162,7
6.585,163,7
6.6,165,7
6.615,164,8
6.63,163,5
6.645,163,6
6.66,163,8
6.675,163,9
6.69,163,10
6.705,162,7
6.72,161,6
6.735,164,6
6.75,164,5
6.765,164,5
6.78,164,5
6.795,160,5
6.81,158,5
6.825,161,7
6.84,163,10
6.855,161,8
6.87,163,9
6.885,162,9
6.9,161,10
6.915,157,6
6.93,158,9
6.945,157,9
6.96,158,8
6.975,160,9
6.99,160,10
7.005,163,11
7.02,162,10
7.035,160,10
7.05,165,10
7.065,162,7
7.08,163,7
7.095,164,9
7.11,163,9
7.125,162,8
7.14,163,7
7.155,164,5
7.17,163,4
7.185,164,4
7.2,166,6
7.215,165,7
7.23,165,8
7.245,165,6
7.26,166,7
7.275,167,7
7.29,167,7
7.305,167,8
7.32,168,8
7.335,164,7
7.35,158,8
7.365,161,7
7.38,162,7
7.395,160,10
7.41,161,11
7.425,164,11
7.44,160,10
7.455,159,11
7.47,163,11
7.485,163,8
7.5,162,5
7.515,162,5
7.53,162,5
7.545,160,6
7.56,160,5
7.575,160,5
7.59,161,4
7.605,162,4
7.62,163,4
7.635,164,2
7.65,161,2
7.665,162,3
7.68,163,4
7.695,163,6
7.71,164,5
7.725,164,5
7.74,164,6
7.755,165,6
7.77,168,5
7.785,167,7
7.8,165,5
7.815,161,5
7.83,161,3
7.845,161,3
7.86,160,2
7.875,162,3
7.89,165,4
7.905,163,5
7.92,160,4
7.935,161,6
7.95,163,5
7.965,165,5
7.98,162,5
7.995,165,6
8.01,163,8
8.025,164,9
8.04,164,9
8.055,162,11
8.07,163,9
8.085,161,7
8.1,160,8
8.115,160,9
8.13,160,7
8.145,161,6
8.16,163,7
8.175,162,8
8.19,163,4
8.205,166,4
8.22,164,4
8.235,165,4
8.25,162,4
8.265,166,7
8.28,166,8
8.295,166,9
8.31,166,8
8.325,165,7
8.34,166,7
8.355,166,6
8.37,166,8
8.385,164,7
8.4,162,7
8.415,161,6
8.43,161,6
8.445,165,4
8.46,166,4
8.475,162,4
8.49,164,7
8.505,160,8
8.52,161,11
8.535,160,9
8.55,161,8
8.565,163,5
8.58,162,5
8.595,161,6
8.61,158,7
8.625,160,7
8.64,157,9
8.655,156,12
8.67,157,12
8.685,158,11
8.7,158,9
8.715,157,10
8.73,157,7
8.745,157,9
8.76,156,10
8.775,155,9
8.79,157,7
8.805,157,4
8.82,155,6
8.835,154,8
8.85,152,9
8.865,151,9
8.88,151,9
8.895,151,8
8.91,150,8
8.925,151,12
8.94,151,12
8.955,151,11
8.97,151,9
8.985,154,11
9,158,15
9.015,156,14
9.03,156,14
9.045,156,13
9.06,156,10
9.075,156,8
9.09,155,8
9.105,158,12
9.12,161,11
9.135,162,8
9.15,160,10
9.165,161,10
9.18,159,8
9.195,158,8
9.21,161,10
9.225,162,12
9.24,162,11
9.255,164,13
9.27,165,12
9.285,167,15
9.3,166,14
9.315,164,13
9.33,165,14
9.345,162,13
9.36,161,12
9.375,162,11
9.39,163,11
9.405,161,11
9.42,159,13
9.435,158,12
9.45,156,11
9.465,158,12
9.48,156,12
9.495,155,13
9.51,153,12
9.525,155,11
9.54,152,10
9.555,154,9
9.57,155,11
9.585,159,12
9.6,160,9
9.615,159,10
9.63,163,7
9.645,161,7
9.66,158,7
9.675,158,6
9.69,161,7
9.705,165,7
9.72,164,6
9.735,160,8
9.75,157,9
9.765,158,9
9.78,157,6
9.795,160,5
9.81,162,4
9.825,161,5
9.84,163,6
9.855,163,7
9.87,160,9
9.885,159,7
9.9,161,7
9.915,157,6
9.93,155,6
9.945,155,8
9.96,155,7
9.975,155,10
9.99,155,11
10.005,154,11
10.02,154,9
10.035,154,10
10.05,155,10
10.065,156,10
10.08,157,11
10.095,156,11
10.11,156,9
10.125,158,10
10.14,157,9
10.155,159,11
10.17,159,7
10.185,158,3
10.2,158,5
10.215,159,6
10.23,161,6
10.245,160,7
10.26,162,9
10.275,163,13
10.29,163,9
10.305,165,9
10.32,163,6
10.335,163,7
10.35,161,9
10.365,158,7
10.38,159,6
10.395,156,8
10.41,154,10
10.425,156,10
10.44,154,10
10.455,154,10
10.47,153,12
10.485,156,8
10.5,157,9
10.515,153,9
10.53,157,8
10.545,158,9
10.56,158,11
10.575,156,12
10.59,156,9
10.605,155,10
10.62,153,9
10.635,155,8
10.65,159,7
10.665,157,7
10.68,157,8
10.695,157,9
10.71,158,10
10.725,163,8
10.74,164,5
10.755,163,6
10.77,161,7
10.785,160,10
10.8,161,10
10.815,165,9
10.83,164,10
10.845,165,11
10.86,164,10
10.875,163,9
10.89,162,9
10.905,162,8
10.92,164,7
10.935,164,5
10.95,166,5
10.965,167,6
10.98,163,6
10.995,162,6
11.01,161,8
11.025,158,10
11.04,158,10
11.055,158,10
11.07,161,9
11.085,162,8
11.1,162,10
11.115,161,10
11.13,159,11
11.145,160,9
11.16,159,7
11.175,157,6
11.19,158,9
11.205,158,10
11.22,158,10
11.235,157,11
11.25,157,9
11.265,158,12
11.28,158,12
11.295,161,13
11.31,160,11
11.325,158,9
11.34,162,6
11.355,165,5
11.37,160,5
11.385,162,4
11.4,157,8
11.415,156,8
11.43,153,10
11.445,154,9
11.46,158,10
11.475,156,11
11.49,156,12
11.505,161,10
11.52,159,9
11.535,161,9
11.55,164,9
11.565,160,8
11.58,158,9
11.595,161,9
11.61,163,7
11.625,164,8
11.64,163,10
11.655,167,10
11.67,167,9
11.685,168,9
11.7,170,9
11.715,167,11
11.73,168,11
11.745,167,9
11.76,164,8
11.775,165,6
11.79,165,6
11.805,165,8
11.82,162,7
11.835,161,7
11.85,162,9
11.865,165,7
11.88,164,6
11.895,161,4
11.91,158,4
11.925,157,6
11.94,158,4
11.955,158,4
11.97,158,3
11.985,156,3
12,155,5
12.015,155,5
12.03,158,4
12.045,158,4
12.06,157,4
12.075,155,4
12.09,156,5
12.105,160,5
12.12,161,6
12.135,160,7
12.15,159,6
12.165,160,6
12.18,162,4
12.195,163,6
12.21,162,6
12.225,160,7
12.24,162,6
12.255,163,8
12.27,162,8
12.285,161,7
12.3,161,7
12.315,160,4
12.33,163,5
12.345,163,6
12.36,162,6
12.375,160,7
12.39,160,7
12.405,160,8
12.42,158,7
12.435,159,8
12.45,159,7
12.465,158,9
12.48,161,8
12.495,161,10
12.51,164,9
12.525,167,8
12.54,166,8
12.555,166,7
12.57,168,7
12.585,165,6
12.6,164,8
12.615,163,9
12.63,165,8
12.645,165,7
12.66,165,8
12.675,165,7
12.69,165,7
12.705,165,6
12.72,165,5
12.735,163,6
12.75,163,6
12.765,164,7
12.78,162,8
12.795,163,8
12.81,161,10
12.825,159,10
12.84,163,9
12.855,163,10
12.87,166,12
12.885,160,10
12.9,159,10
12.915,157,8
12.93,161,7
12.945,161,8
12.96,160,9
12.975,160,7
12.99,161,6
13.005,156,6
13.02,156,5
13.035,156,9
13.05,153,7
13.065,158,10
13.08,159,10
13.095,160,5
13.11,160,5
13.125,161,7
13.14,164,8
13.155,162,8
13.17,158,10
13.185,155,10
13.2,155,9
13.215,155,9
13.23,155,11
13.245,155,11
13.26,153,10
13.275,157,8
13.29,156,7
13.305,154,7
13.32,156,7
13.335,156,4
13.35,156,8
13.365,159,7
13.38,160,6
13.395,160,8
13.41,162,9
13.425,161,12
13.44,162,11
13.455,161,10
13.47,158,9
13.485,158,8
13.5,159,10
13.515,161,10
13.53,163,8
13.545,163,7
13.56,163,8
13.575,161,9
13.59,163,11
13.605,163,11
13.62,166,11
13.635,164,15
13.65,164,10
13.665,161,9
13.68,160,10
13.695,160,11
13.71,160,9
13.725,160,10
13.74,160,13
13.755,159,13
13.77,162,12
13.785,162,11
13.8,160,11
13.815,159,10
13.83,161,6
13.845,162,7
13.86,162,5
13.875,167,6
13.89,166,6
13.905,165,5
13.92,164,6
13.935,161,6
13.95,161,4
13.965,158,4
13.98,159,6
13.995,157,6
14.01,159,8
14.025,159,7
14.04,161,6
14.055,162,6
14.07,162,9
14.085,163,8
14.1,161,7
14.115,162,7
14.13,163,7
14.145,162,7
14.16,162,7
14.175,160,6
14.19,161,6
14.205,162,5
14.22,162,5
14.235,160,5
14.25,158,7
14.265,157,7
14.28,159,7
14.295,158,7
14.31,157,7
14.325,156,9
14.34,157,8
14.355,158,8
14.37,161,10
14.385,158,11
14.4,156,8
14.415,160,7
14.43,161,6
14.445,162,7
14.46,162,9
14.475,162,7
14.49,158,9
14.505,158,10
14.52,161,9
14.535,160,10
14.55,158,11
14.565,158,11
14.58,159,9
14.595,159,11
14.61,158,10
14.625,159,11
14.64,159,11
14.655,162,11
14.67,163,11
14.685,161,10
14.7,158,9
14.715,162,9
14.73,163,7
14.745,165,7
14.76,165,7
14.775,166,8
14.79,164,7
14.805,162,8
14.82,163,9
14.835,163,11
14.85,166,11
14.865,166,10
14.88,165,12
14.895,159,15
14.91,160,15
14.925,158,11
14.94,160,11
14.955,162,9
14.97,162,9
14.985,160,9
15,160,10
15.015,163,6
15.03,161,6
15.045,163,4
15.06,162,5
15.075,158,7
15.09,160,7
15.105,160,8
15.12,159,8
15.135,162,7
15.15,161,7
15.165,160,7
15.18,160,9
15.195,163,10
15.21,161,9
15.225,159,10
15.24,156,13
15.255,159,12
15.27,158,10
15.285,158,7
15.3,158,7
15.315,164,8
15.33,163,8
15.345,162,10
15.36,159,12
15.375,159,10
15.39,160,10
15.405,156,10
15.42,156,14
15.435,160,13
15.45,159,14
15.465,159,11
15.48,158,11
15.495,158,11
15.51,155,9
15.525,158,8
15.54,160,10
15.555,158,10
15.57,161,11
15.585,161,13
15.6,162,13
15.615,163,13
15.63,163,11
15.645,166,11
15.66,166,12
15.675,162,11
15.69,162,11
15.705,164,11
15.72,163,14
15.735,162,13
15.75,164,12
15.765,165,11
15.78,165,10
15.795,164,11
15.81,164,11
15.825,161,10
15.84,164,10
15.855,163,10
15.87,162,11
15.885,163,10
15.9,162,8
15.915,162,5
15.93,162,5
15.945,162,7
15.96,159,7
15.975,161,8
15.99,161,9
16.005,163,11
16.02,162,12
16.035,163,12
16.05,164,11
16.065,164,13
16.08,161,12
16.095,164,9
16.11,166,12
16.125,166,13
16.14,167,15
16.155,167,15
16.17,167,15
16.185,164,15
16.2,162,16
16.215,165,15
16.23,164,14
16.245,163,14
16.26,164,17
16.275,167,18
16.29,167,16
16.305,165,13
16.32,165,13
16.335,164,11
16.35,162,12
16.365,161,12
16.38,162,10
16.395,161,10
16.41,159,11
16.425,155,13
16.44,156,12
16.455,157,12
16.47,155,11
16.485,154,12
16.5,156,15
16.515,156,16
16.53,158,17
16.545,160,18
16.56,160,17
16.575,162,18
16.59,162,16
16.605,163,15
16.62,161,14
16.635,159,15
16.65,158,14
16.665,160,16
16.68,158,18
16.695,161,19
16.71,159,18
16.725,161,17
16.74,160,14
16.755,160,14
16.77,160,15
16.785,160,15
16.8,157,14
16.815,159,13
16.83,162,14
16.845,163,14
16.86,162,10
16.875,164,10
16.89,165,12
16.905,165,12
16.92,163,11
16.935,162,12
16.95,160,12
16.965,162,9
16.98,162,9
16.995,162,8
17.01,160,9
17.025,162,9
17.04,164,11
17.055,163,13
17.07,163,11
17.085,164,10
17.1,164,12
17.115,164,14
17.13,164,16
17.145,164,16
17.16,166,16
17.175,166,13
17.19,165,12
17.205,165,13
17.22,165,12
17.235,167,11
17.25,169,13
17.265,169,12
17.28,167,11
17.295,164,13
17.31,161,10
17.325,158,8
17.34,157,9
17.355,158,7
17.37,158,7
17.385,158,6
17.4,160,10
17.415,157,12
17.43,158,13
17.445,160,13
17.46,159,11
17.475,162,12
17.49,162,14
17.505,158,13
17.52,156,14
17.535,158,13
17.55,154,14
17.565,154,15
17.58,156,15
17.595,153,13
17.61,153,13
17.625,154,12
17.64,155,12
17.655,156,14
17.67,155,13
17.685,156,13
17.7,156,13
17.715,160,13
17.73,162,13
17.745,165,14
17.76,165,13
17.775,166,14
17.79,165,15
17.805,164,16
17.82,164,14
17.835,166,16
17.85,169,13
17.865,169,13
17.88,167,13
17.895,168,10
17.91,165,11
17.925,163,11
17.94,162,11
17.955,163,13
17.97,158,12
17.985,159,12
18,160,11
18.015,158,13
18.03,157,14
18.045,160,15
18.06,162,13
18.075,163,13
18.09,163,12
18.105,163,11
18.12,160,11
18.135,162,12
18.15,162,12
18.165,160,12
18.18,163,10
18.195,161,8
18.21,160,13
18.225,158,13
18.24,156,11
18.255,157,13
18.27,156,16
18.285,157,16
18.3,156,16
18.315,154,19
18.33,154,14
18.345,154,13
18.36,154,14
18.375,151,15
18.39,151,18
18.405,152,18
18.42,153,15
18.435,154,13
18.45,154,16
18.465,156,14
18.48,158,14
18.495,158,15
18.51,159,15
18.525,159,12
18.54,158,10
18.555,157,11
18.57,158,10
18.585,161,9
18.6,162,9
18.615,161,10
18.63,160,11
18.645,160,11
18.66,159,9
18.675,160,10
18.69,163,10
18.705,159,12
18.72,160,12
18.735,162,12
18.75,160,14
18.765,166,12
18.78,165,13
18.795,164,13
18.81,162,10
18.825,165,11
18.84,166,12
18.855,166,14
18.87,164,11
18.885,165,11
18.9,162,11
18.915,162,11
18.93,162,8
18.945,164,9
18.96,164,9
18.975,164,10
18.99,164,10
19.005,164,11
19.02,163,9
19.035,160,8
19.05,161,8
19.065,162,7
19.08,163,8
19.095,163,8
19.11,163,11
19.125,163,12
19.14,164,12
19.155,163,11
19.17,163,12
19.185,163,13
19.2,158,13
19.215,156,11
19.23,159,11
19.245,157,13
19.26,158,12
19.275,156,9
19.29,156,7
19.305,156,7
19.32,157,8
19.335,157,11
19.35,158,10
19.365,157,10
19.38,155,9
19.395,158,9
19.41,158,11
19.425,158,11
19.44,159,12
19.455,159,10
19.47,161,9
19.485,163,12
19.5,165,9
19.515,162,5
19.53,162,5
19.545,157,5
19.56,154,8
19.575,154,6
19.59,153,7
19.605,157,8
19.62,157,7
19.635,156,9
19.65,156,7
19.665,156,8
19.68,156,7
19.695,158,8
19.71,158,9
19.725,158,8
19.74,157,7
19.755,160,8
19.77,159,10
19.785,163,10
19.8,161,9
19.815,159,11
19.83,158,11
19.845,159,13
19.86,159,10
19.875,157,8
19.89,155,8
19.905,157,8
19.92,153,7
19.935,151,6
19.95,152,5
19.965,155,9
19.98,153,9
19.995,153,9
20.01,157,7
20.025,159,6
20.04,159,6
20.055,157,6
20.07,156,7
20.085,156,8
20.1,158,9
20.115,156,7
20.13,161,6
20.145,165,6
20.16,163,7
20.175,163,10
20.19,161,9
20.205,159,8
20.22,162,7
20.235,162,5
20.25,163,6
20.265,163,6
20.28,164,6
20.295,165,9
20.31,165,9
20.325,165,9
20.34,164,13
20.355,164,13
20.37,160,14
20.385,163,14
20.4,162,14
20.415,162,12
20.43,165,11
20.445,164,11
20.46,164,12
20.475,164,13
20.49,165,15
20.505,167,16
20.52,167,17
20.535,167,17
20.55,165,15
20.565,165,12
20.58,167,12
20.595,168,13
20.61,167,15
20.625,166,15
20.64,161,16
20.655,162,15
20.67,159,13
20.685,161,15
20.7,161,15
20.715,160,14
20.73,162,15
20.745,158,12
20.76,162,12
20.775,163,13
20.79,164,14
20.805,163,11
20.82,162,12
20.835,161,13
20.85,160,12
20.865,161,10
20.88,162,9
20.895,164,10
20.91,166,8
20.925,164,11
20.94,163,13
20.955,162,12
20.97,161,12
20.985,162,12
21,160,15
21.015,166,15
21.03,162,14
21.045,158,17
21.06,159,15
21.075,162,16
21.09,160,14
21.105,158,14
21.12,152,14
21.135,148,14
21.15,148,12
21.165,149,13
21.18,150,15
21.195,148,18
21.21,151,18
21.225,150,15
21.24,150,16
21.255,152,16
21.27,150,18
21.285,151,18
21.3,154,18
21.315,152,18
21.33,151,16
21.345,153,15
21.36,153,15
21.375,151,12
21.39,154,11
21.405,154,14
21.42,153,13
21.435,151,12
21.45,151,12
21.465,153,12
21.48,152,10
21.495,154,10
21.51,155,11
21.525,156,11
21.54,156,11
21.555,154,11
21.57,154,9
21.585,156,9
21.6,157,8
21.615,157,9
21.63,157,7
21.645,159,7
21.66,158,8
21.675,157,8
21.69,162,10
21.705,162,14
21.72,158,14
21.735,157,15
21.75,157,15
21.765,158,16
21.78,160,13
21.795,158,11
21.81,157,9
21.825,161,10
21.84,161,10
21.855,157,10
21.87,157,10
21.885,156,9
21.9,156,9
21.915,155,13
21.93,157,10
21.945,158,10
21.96,158,12
21.975,158,15
21.99,158,13
22.005,157,15
22.02,157,15
22.035,156,12
22.05,156,11
22.065,157,12
22.08,155,9
22.095,158,13
22.11,160,11
22.125,158,11
22.14,162,10
22.155,162,11
22.17,160,9
22.185,159,8
22.2,163,11
22.215,159,9
22.23,155,11
22.245,159,12
22.26,161,15
22.275,161,12
22.29,160,12
22.305,159,15
22.32,158,15
22.335,160,14
22.35,162,14
22.365,160,13
22.38,158,14
22.395,156,10
22.41,156,9
22.425,158,11
22.44,157,10
22.455,157,10
22.47,156,5
22.485,157,6
22.5,156,8
22.515,155,7
22.53,155,9
22.545,156,9
22.56,157,10
22.575,162,7
22.59,160,7
22.605,161,6
22.62,156,7
22.635,159,8
22.65,157,9
22.665,158,9
22.68,156,8
22.695,156,12
22.71,156,16
22.725,157,14
22.74,155,12
22.755,154,12
22.77,156,12
22.785,157,14
22.8,155,13
22.815,154,11
22.83,154,12
22.845,156,10
22.86,155,11
22.875,155,13
22.89,158,14
22.905,163,13
22.92,161,11
22.935,162,12
22.95,160,12
22.965,160,9
22.98,160,12
22.995,160,13
23.01,161,14
23.025,160,13
23.04,159,13
23.055,159,11
23.07,158,12
23.085,155,10
23.1,155,9
23.115,154,8
23.13,156,10
23.145,155,9
23.16,154,9
23.175,153,11
23.19,154,11
23.205,157,10
23.22,160,9
23.235,160,9
23.25,160,11
23.265,158,13
23.28,156,14
23.295,154,15
23.31,156,13
23.325,160,14
23.34,159,15
23.355,159,12
23.37,159,12
23.385,154,13
23.4,156,11
23.415,155,12
23.43,154,9
23.445,153,8
23.46,156,10
23.475,155,12
23.49,154,15
23.505,156,16
23.52,157,14
23.535,157,18
23.55,158,16
23.565,159,19
23.58,158,17
23.595,160,13
23.61,158,15
23.625,160,17
23.64,161,15
23.655,160,15
23.67,160,15
23.685,159,14
23.7,161,14
23.715,161,11
23.73,160,13
23.745,161,15
23.76,162,14
23.775,164,12
23.79,161,14
23.805,162,12
23.82,160,10
23.835,160,7
23.85,159,7
23.865,158,9
23.88,159,8
23.895,158,8
23.91,158,8
23.925,159,7
23.94,159,8
23.955,163,7
23.97,165,8
23.985,163,8
24,162,10
24.015,166,11
24.03,165,12
24.045,163,12
24.06,166,13
24.075,165,12
24.09,166,10
24.105,164,10
24.12,163,10
24.135,162,12
24.15,165,10
24.165,164,9
24.18,160,8
24.195,163,8
24.21,162,8
24.225,161,9
24.24,160,10
24.255,163,11
24.27,164,10
24.285,163,10
24.3,163,10
24.315,163,8
24.33,164,10
24.345,160,9
24.36,159,9
24.375,162,9
24.39,162,8
24.405,163,8
24.42,161,9
24.435,163,11
24.45,164,11
24.465,165,12
24.48,164,11
24.495,163,12
24.51,160,13
24.525,162,13
24.54,159,12
24.555,159,9
24.57,155,9
24.585,157,9
24.6,155,11
24.615,153,14
24.63,154,14
24.645,153,15
24.66,150,15
24.675,153,14
24.69,152,12
24.705,150,14
24.72,148,9
24.735,152,8
24.75,150,12
24.765,152,15
24.78,152,16
24.795,154,17
24.81,152,17
24.825,154,14
24.84,156,13
24.855,160,14
24.87,161,14
24.885,163,13
24.9,163,15
24.915,163,15
24.93,162,12
24.945,163,10
24.96,162,9
24.975,163,7
24.99,161,7
25.005,162,9
25.02,162,10
25.035,160,12
25.05,157,12
25.065,158,14
25.08,156,12
25.095,158,12
25.11,158,10
25.125,156,10
25.14,158,11
25.155,159,12
25.17,159,12
25.185,160,12
25.2,159,12
25.215,158,12
25.23,160,12
25.245,161,14
25.26,161,13
25.275,161,10
25.29,163,10
25.305,164,9
25.32,163,9
25.335,166,10
25.35,164,11
25.365,165,13
25.38,164,11
25.395,166,15
25.41,166,13
25.425,166,13
25.44,166,12
25.455,168,8
25.47,166,7
25.485,167,7
25.5,167,8
25.515,167,6
25.53,165,8
25.545,164,5
25.56,161,6
25.575,163,6
25.59,159,8
25.605,157,7
25.62,156,5
25.635,158,3
25.65,157,5
25.665,158,4
25.68,160,4
25.695,159,7
25.71,159,7
25.725,159,9
25.74,157,8
25.755,159,8
25.77,163,9
25.785,163,8
25.8,166,10
25.815,169,10
25.83,169,13
25.845,166,12
25.86,167,10
25.875,164,11
25.89,164,12
25.905,165,11
25.92,165,9
25.935,167,8
25.95,162,6
25.965,161,9
25.98,160,8
25.995,162,10
26.01,165,10
26.025,163,11
26.04,164,12
26.055,162,10
26.07,160,9
26.085,161,10
26.1,160,10
26.115,160,8
26.13,160,9
26.145,161,11
26.16,159,9
26.175,159,7
26.19,159,9
26.205,158,9
26.22,160,11
26.235,161,11
26.25,161,11
26.265,159,12
26.28,159,11
26.295,161,12
26.31,162,14
26.325,164,14
26.34,167,15
26.355,166,16
26.37,165,15
26.385,167,18
26.4,167,18
26.415,167,19
26.43,167,19
26.445,166,18
26.46,166,15
26.475,165,13
26.49,165,14
26.505,167,13
26.52,164,13
26.535,165,17
26.55,166,17
26.565,164,17
26.58,163,14
26.595,163,14
26.61,160,13
26.625,161,13
26.64,157,12
26.655,156,12
26.67,153,10
26.685,155,10
26.7,155,9
26.715,153,11
26.73,154,11
26.745,157,13
26.76,159,12
26.775,159,11
26.79,162,11
26.805,165,11
26.82,162,13
26.835,163,9
26.85,165,10
26.865,166,11
26.88,166,12
26.895,168,12
26.91,168,10
26.925,165,8
26.94,162,8
26.955,162,8
26.97,165,9
26.985,162,9
27,159,11
27.015,163,10
27.03,162,8
27.045,162,13
27.06,163,14
27.075,163,13
27.09,163,15
27.105,163,14
27.12,161,17
27.135,159,14
27.15,158,14
27.165,160,14
27.18,160,12
27.195,161,11
27.21,162,11
27.225,160,12
27.24,163,10
27.255,162,10
27.27,160,9
27.285,160,9
27.3,160,11
27.315,161,10
27.33,164,9
27.345,164,9
27.36,164,9
27.375,162,7
27.39,159,7
27.405,159,8
27.42,161,9
27.435,165,9
27.45,162,11
27.465,160,9
27.48,164,9
27.495,163,8
27.51,165,11
27.525,167,9
27.54,168,11
27.555,167,11
27.57,167,13
27.585,164,13
27.6,163,11
27.615,165,11
27.63,163,11
27.645,160,12
27.66,160,9
27.675,155,11
27.69,155,10
27.705,155,10
27.72,157,12
27.735,157,10
27.75,157,10
27.765,152,8
27.78,153,11
27.795,152,12
27.81,158,10
27.825,158,11
27.84,156,11
27.855,160,10
27.87,164,8
27.885,165,8
27.9,160,7
27.915,163,8
27.93,161,9
27.945,162,8
27.96,166,7
27.975,164,11
27.99,163,12
28.005,164,9
28.02,165,7
28.035,163,8
28.05,167,9
28.065,166,9
28.08,165,10
28.095,165,10
28.11,164,11
28.125,162,12
28.14,160,11
28.155,159,11
28.17,156,9
28.185,156,10
28.2,157,9
28.215,157,12
28.23,158,10
28.245,156,10
28.26,157,11
28.275,159,11
28.29,161,10
28.305,162,9
28.32,161,11
28.335,159,13
28.35,160,16
28.365,161,16
28.38,162,16
28.395,161,13
28.41,162,11
28.425,160,10
28.44,160,10
28.455,161,13
28.47,162,11
28.485,163,10
28.5,165,8
28.515,166,5
28.53,167,8
28.545,165,8
28.56,166,9
28.575,166,9
28.59,165,11
28.605,164,13
28.62,164,14
28.635,162,15
28.65,162,12
28.665,161,12
28.68,163,14
28.695,165,16
28.71,164,17
28.725,162,13
28.74,161,12
28.755,162,12
28.77,164,13
28.785,162,13
28.8,163,12
28.815,163,11
28.83,160,12
28.845,162,12
28.86,164,12
28.875,163,13
28.89,164,8
28.905,163,10
28.92,162,8
28.935,160,11
28.95,159,11
28.965,160,11
28.98,158,10
28.995,156,10
29.01,155,10
29.025,156,12
29.04,155,12
29.055,155,11
29.07,155,13
29.085,155,16
29.1,157,16
29.115,157,16
29.13,160,11
29.145,158,9
29.16,159,10
29.175,159,10
29.19,159,9
29.205,161,7
29.22,160,8
29.235,163,9
29.25,158,10
29.265,157,12
29.28,158,12
29.295,157,13
29.31,159,13
29.325,156,14
29.34,160,12
29.355,158,13
29.37,159,16
29.385,158,20
29.4,158,19
29.415,159,20
29.43,164,21
29.445,163,23
29.46,164,23
29.475,164,25
29.49,164,23
29.505,164,20
29.52,159,20
29.535,159,23
29.55,159,26
29.565,160,24
29.58,160,24
29.595,158,22
29.61,159,21
29.625,157,20
29.64,156,20
29.655,159,23
29.67,161,25
29.685,165,24
29.7,162,21
29.715,160,20
29.73,163,14
29.745,162,18
29.76,161,20
29.775,163,21
29.79,164,19
29.805,164,20
29.82,163,20
29.835,160,20
29.85,158,21
29.865,161,20
29.88,165,19
29.895,166,16
29.91,171,14
29.925,169,15
29.94,171,14
29.955,171,14
29.97,169,14
29.985,167,14
30,166,15
30.015,165,14
30.03,161,15
30.045,159,17
30.06,161,18
30.075,165,20
30.09,165,20
30.105,163,22
30.12,163,22
30.135,162,24
30.15,161,25
30.165,162,20
30.18,163,21
30.195,166,21
30.21,167,24
30.225,166,20
30.24,166,21
30.255,166,20
30.27,163,21
30.285,163,19
30.3,164,17
30.315,165,18
30.33,164,19
30.345,164,22
30.36,166,24
30.375,166,23
30.39,164,22
30.405,167,21
30.42,164,22
30.435,166,19
30.45,166,20
30.465,167,19
30.48,167,22
30.495,166,24
30.51,165,26
30.525,166,24
30.54,164,19
30.555,165,18
30.57,162,17
30.585,165,17
30.6,165,16
30.615,164,17
30.63,164,17
30.645,164,17
30.66,164,17
30.675,165,19
30.69,166,18
30.705,166,20
30.72,165,21
30.735,163,22
30.75,162,18
30.765,163,13
30.78,165,18
30.795,164,20
30.81,161,22
30.825,158,20
30.84,156,18
30.855,157,18
30.87,160,19
30.885,162,16
30.9,164,17
30.915,164,14
30.93,161,13
30.945,159,14
30.96,160,20
30.975,159,18
30.99,158,18
31.005,160,20
31.02,161,20
31.035,158,16
31.05,162,14
31.065,160,13
31.08,161,12
31.095,160,12
31.11,163,15
31.125,162,15
31.14,161,16
31.155,162,20
31.17,156,20
31.185,157,22
31.2,157,21
31.215,154,21
31.23,156,20
31.245,156,21
31.26,157,20
31.275,158,23
31.29,156,25
31.305,159,19
31.32,160,19
31.335,161,19
31.35,162,17
31.365,164,16
31.38,164,14
31.395,163,16
31.41,163,17
31.425,164,17
31.44,165,11
31.455,164,12
31.47,165,11
31.485,165,12
31.5,166,18
31.515,165,19
31.53,161,18
31.545,162,17
31.56,161,14
31.575,162,11
31.59,160,13
31.605,160,14
31.62,161,14
31.635,163,12
31.65,164,11
31.665,166,11
31.68,165,8
31.695,166,9
31.71,166,9
31.725,165,8
31.74,163,8
31.755,162,10
31.77,164,10
31.785,163,10
31.8,164,14
31.815,162,12
31.83,163,10
31.845,159,14
31.86,159,15
31.875,162,13
31.89,162,13
31.905,163,12
31.92,159,11
31.935,159,10
31.95,161,9
31.965,157,9
31.98,151,7
31.995,153,9
32.01,154,9
32.025,154,8
32.04,154,9
32.055,150,15
32.07,154,16
32.085,156,15
32.1,158,15
32.115,159,17
32.13,161,14
32.145,162,15
32.16,161,16
32.175,160,18
32.19,159,22
32.205,158,20
32.22,157,20
32.235,157,20
32.25,155,20
32.265,157,16
32.28,158,17
32.295,160,19
32.31,161,20
32.325,164,22
32.34,166,21
32.355,165,19
32.37,164,14
32.385,161,14
32.4,161,16
32.415,165,13
32.43,166,13
32.445,168,13
32.46,164,15
32.475,168,15
32.49,166,15
32.505,161,19
32.52,160,20
32.535,162,19
32.55,160,15
32.565,160,12
32.58,161,13
32.595,159,15
32.61,157,16
32.625,156,16
32.64,158,15
32.655,157,15
32.67,159,16
32.685,156,19
32.7,158,18
32.715,158,21
32.73,158,15
32.745,160,13
32.76,162,12
32.775,161,13
32.79,162,15
32.805,163,14
32.82,161,13
32.835,163,13
32.85,165,12
32.865,161,13
32.88,159,14
32.895,158,12
32.91,159,11
32.925,157,12
32.94,157,13
32.955,159,14
32.97,158,12
32.985,159,11
33,155,10
33.015,157,12
33.03,158,12
33.045,158,12
33.06,159,15
33.075,160,14
33.09,159,14
33.105,161,18
33.12,161,18
33.135,161,14
33.15,162,12
33.165,164,8
33.18,161,13
33.195,158,13
33.21,156,15
33.225,153,14
33.24,158,14
33.255,159,16
33.27,155,13
33.285,157,14
33.3,155,14
33.315,158,15
33.33,159,17
33.345,159,18
33.36,162,19
33.375,160,19
33.39,162,17
33.405,160,19
33.42,158,18
33.435,158,19
33.45,160,16
33.465,162,15
33.48,161,16
33.495,158,19
33.51,158,19
33.525,155,21
33.54,155,18
33.555,158,17
33.57,158,15
33.585,157,12
33.6,160,11
33.615,162,9
33.63,161,8
33.645,160,10
33.66,160,12
33.675,160,11
33.69,160,12
33.705,161,15
33.72,160,16
33.735,159,16
33.75,159,20
33.765,160,19
33.78,159,20
33.795,164,22
33.81,163,20
33.825,164,19
33.84,166,18
33.855,163,18
33.87,165,20
33.885,164,21
33.9,162,21
33.915,163,23
33.93,159,23
33.945,160,24
33.96,159,26
33.975,161,28
33.99,160,28
34.005,162,28
34.02,159,29
34.035,162,31
34.05,164,30
34.065,164,27
34.08,166,24
34.095,167,24
34.11,163,20
34.125,164,20
34.14,166,22
34.155,166,22
34.17,165,22
34.185,164,22
34.2,166,21
34.215,164,18
34.23,162,17
34.245,163,19
34.26,163,19
34.275,161,18
34.29,160,20
34.305,160,16
34.32,163,13
34.335,162,11
34.35,161,13
34.365,161,13
34.38,164,12
34.395,165,15
34.41,163,15
34.425,163,19
34.44,164,18
34.455,162,16
34.47,159,17
34.485,156,20
34.5,156,20
34.515,158,19
34.53,160,21
34.545,163,20
34.56,162,20
34.575,163,21
34.59,162,20
34.605,164,23
34.62,166,26
34.635,165,22
34.65,164,23
34.665,162,22
34.68,162,23
34.695,164,26
34.71,164,26
34.725,166,26
34.74,165,26
34.755,164,27
34.77,161,28
34.785,161,26
34.8,161,26
34.815,164,22
34.83,161,22
34.845,163,25
34.86,163,22
34.875,165,22
34.89,164,23
34.905,164,21
34.92,164,22
34.935,164,22
34.95,164,21
34.965,164,20
34.98,164,18
34.995,163,15
35.01,161,15
35.025,162,15
35.04,160,13
35.055,160,15
35.07,161,17
35.085,160,17
35.1,157,16
35.115,156,20
35.13,159,20
35.145,160,17
35.16,162,14
35.175,163,14
35.19,164,14
35.205,161,17
35.22,161,20
35.235,161,20
35.25,161,21
35.265,160,23
35.28,161,24
35.295,162,24
35.31,164,21
35.325,162,23
35.34,161,23
35.355,161,21
35.37,159,20
35.385,160,20
35.4,159,19
35.415,158,20
35.43,158,18
35.445,160,21
35.46,164,20
35.475,162,21
35.49,165,22
35.505,168,20
35.52,168,20
35.535,165,20
35.55,163,18
35.565,166,18
35.58,165,19
35.595,164,19
35.61,164,19
35.625,164,15
35.64,165,18
35.655,163,16
35.67,165,19
35.685,165,20
35.7,163,21
35.715,166,21
35.73,169,19
35.745,168,16
35.76,167,18
35.775,166,16
35.79,166,15
35.805,167,17
35.82,166,18
35.835,167,18
35.85,169,17
35.865,167,20
35.88,168,20
35.895,164,16
35.91,164,16
35.925,165,13
35.94,164,20
35.955,164,18
35.97,159,19
35.985,156,18
36,158,17
36.015,158,20
36.03,161,20
36.045,163,19
36.06,162,15
36.075,160,17
36.09,162,13
36.105,163,16
36.12,163,14
36.135,161,13
36.15,159,13
36.165,156,11
36.18,155,12
36.195,156,13
36.21,157,13
36.225,161,14
36.24,162,14
36.255,161,14
36.27,161,12
36.285,162,14
36.3,157,17
36.315,157,18
36.33,161,18
36.345,161,19
36.36,160,19
36.375,159,19
36.39,156,22
36.405,155,19
36.42,153,18
36.435,156,19
36.45,155,17
36.465,158,19
36.48,157,16
36.495,158,15
36.51,155,16
36.525,156,19
36.54,154,18
36.555,153,18
36.57,153,19
36.585,153,17
36.6,150,19
36.615,149,19
36.63,148,16
36.645,148,18
36.66,152,19
36.675,156,14
36.69,156,14
36.705,154,16
36.72,154,17
36.735,155,15
36.75,158,10
36.765,158,9
36.78,158,8
36.795,159,8
36.81,158,8
36.825,159,9
36.84,157,8
36.855,157,11
36.87,156,12
36.885,155,13
36.9,157,14
36.915,156,14
36.93,157,14
36.945,160,15
36.96,160,15
36.975,162,13
36.99,161,13
37.005,163,12
37.02,163,11
37.035,161,12
37.05,161,12
37.065,161,11
37.08,162,11
37.095,161,10
37.11,162,13
37.125,164,11
37.14,163,12
37.155,160,15
37.17,156,15
37.185,158,12
37.2,157,10
37.215,155,11
37.23,154,8
37.245,154,9
37.26,153,11
37.275,157,14
37.29,156,12
37.305,155,16
37.32,154,20
37.335,156,19
37.35,158,16
37.365,161,15
37.38,161,17
37.395,161,16
37.41,159,16
37.425,161,13
37.44,162,13
37.455,165,14
37.47,167,12
37.485,168,13
37.5,167,15
37.515,165,17
37.53,166,19
37.545,165,19
37.56,165,16
37.575,162,16
37.59,162,20
37.605,160,22
37.62,161,22
37.635,162,19
37.65,161,19
37.665,162,17
37.68,162,17
37.695,160,17
37.71,157,15
37.725,162,16
37.74,159,14
37.755,160,14
37.77,159,15
37.785,161,16
37.8,160,17
37.815,159,15
37.83,158,16
37.845,159,19
37.86,159,22
37.875,160,21
37.89,161,20
37.905,162,18
37.92,161,23
37.935,159,21
37.95,157,19
37.965,159,29
37.98,159,27
37.995,158,28
38.01,160,24
38.025,160,22
38.04,157,20
38.055,159,21
38.07,161,21
38.085,162,19
38.1,164,19
38.115,160,19
38.13,161,18
38.145,162,19
38.16,159,18
38.175,161,18
38.19,161,19
38.205,162,21
38.22,165,24
38.235,162,24
38.25,163,27
38.265,162,24
38.28,161,25
38.295,161,24
38.31,159,25
38.325,157,25
38.34,156,26
38.355,155,30
38.37,156,28
38.385,159,25
38.4,160,23
38.415,160,21
38.43,158,21
38.445,159,21
38.46,157,22
38.475,160,18
38.49,159,20
38.505,160,19
38.52,159,18
38.535,161,20
38.55,164,17
38.565,165,19
38.58,165,20
38.595,166,21
38.61,165,22
38.625,165,23
38.64,163,24
38.655,165,23
38.67,165,22
38.685,162,25
38.7,161,25
38.715,166,27
38.73,162,27
38.745,161,29
38.76,159,25
38.775,160,25
38.79,159,26
38.805,156,28
38.82,156,28
38.835,158,27
38.85,161,27
38.865,158,24
38.88,156,23
38.895,156,23
38.91,159,21
38.925,156,22
38.94,157,23
38.955,157,23
38.97,155,27
38.985,154,26
39,157,27
39.015,158,25
39.03,163,26
39.045,160,25
39.06,160,26
39.075,159,25
39.09,159,21
39.105,160,21
39.12,157,16
39.135,158,16
39.15,157,18
39.165,161,19
39.18,162,19
39.195,163,18
39.21,166,14
39.225,166,14
39.24,167,14
39.255,165,14
39.27,163,15
39.285,164,18
39.3,162,18
39.315,161,19
39.33,163,20
39.345,161,22
39.36,160,23
39.375,161,20
39.39,163,19
39.405,163,18
39.42,158,17
39.435,159,17
39.45,157,19
39.465,157,20
39.48,155,22
39.495,156,24
39.51,156,23
39.525,156,22
39.54,158,21
39.555,159,20
39.57,159,19
39.585,158,18
39.6,162,18
39.615,163,19
39.63,163,18
39.645,164,16
39.66,167,16
39.675,167,13
39.69,166,13
39.705,167,15
39.72,168,15
39.735,168,14
39.75,168,12
39.765,166,17
39.78,168,17
39.795,168,21
39.81,164,18
39.825,166,18
39.84,167,21
39.855,166,19
39.87,166,20
39.885,166,20
39.9,167,24
39.915,168,24
39.93,168,25
39.945,167,21
39.96,165,18
39.975,165,14
39.99,165,15
40.005,165,17
40.02,167,15
40.035,169,13
40.05,166,12
40.065,164,10
40.08,165,12
40.095,164,9
40.11,164,10
40.125,163,12
40.14,164,13
40.155,161,12
40.17,165,14
40.185,163,13
40.2,166,12
40.215,164,11
40.23,163,12
40.245,161,15
40.26,162,17
40.275,162,17
40.29,161,18
40.305,160,16
40.32,160,16
40.335,159,16
40.35,163,17
40.365,164,17
40.38,163,17
40.395,164,18
40.41,161,20
40.425,160,21
40.44,161,20
40.455,159,19
40.47,163,13
40.485,161,13
40.5,163,14
40.515,164,14
40.53,161,15
40.545,159,16
40.56,160,16
40.575,163,20
40.59,162,25
40.605,161,28
40.62,157,30
40.635,157,28
40.65,155,29
40.665,157,27
40.68,155,29
40.695,158,24
40.71,158,24
40.725,160,23
40.74,162,21
40.755,165,22
40.77,167,20
40.785,170,16
40.8,171,15
40.815,170,16
40.83,169,13
40.845,170,12
40.86,171,12
40.875,171,13
40.89,172,13
40.905,169,13
40.92,167,13
40.935,168,18
40.95,169,15
40.965,167,17
40.98,167,16
40.995,163,19
41.01,165,20
41.025,164,20
41.04,166,22
41.055,165,24
41.07,165,21
41.085,166,20
41.1,168,18
41.115,170,17
41.13,168,17
41.145,168,16
41.16,167,16
41.175,165,17
41.19,165,20
41.205,166,23
41.22,163,24
41.235,162,23
41.25,163,26
41.265,162,26
41.28,161,26
41.295,158,26
41.31,156,20
41.325,157,20
41.34,156,18
41.355,157,18
41.37,155,17
41.385,157,18
41.4,158,18
41.415,157,20
41.43,158,19
41.445,161,19
41.46,160,19
41.475,160,17
41.49,159,16
41.505,156,13
41.52,158,11
41.535,159,18
41.55,159,19
41.565,160,19
41.58,159,20
41.595,156,16
41.61,154,20
41.625,152,16
41.64,153,19
41.655,153,21
41.67,152,20
41.685,153,20
41.7,154,22
41.715,158,22
41.73,159,20
41.745,159,23
41.76,162,24
41.775,160,21
41.79,160,22
41.805,160,19
41.82,160,18
41.835,159,18
41.85,162,17
41.865,162,16
41.88,161,18
41.895,159,19
41.91,160,22
41.925,163,21
41.94,163,22
41.955,163,27
41.97,162,29
41.985,164,28
42,162,29
42.015,162,25
42.03,160,24
42.045,161,24
42.06,162,23
42.075,162,21
42.09,159,23
42.105,163,24
42.12,163,22
42.135,161,20
42.15,159,20
42.165,158,21
42.18,157,20
42.195,158,22
42.21,161,18
42.225,162,19
42.24,166,18
42.255,166,20
42.27,165,20
42.285,164,19
42.3,165,19
42.315,167,19
42.33,166,20
42.345,164,19
42.36,165,18
42.375,165,16
42.39,164,14
42.405,162,12
42.42,165,12
42.435,166,13
42.45,164,19
42.465,162,15
42.48,160,12
42.495,161,11
42.51,162,12
42.525,163,14
42.54,161,15
42.555,161,14
42.57,163,15
42.585,162,14
42.6,162,14
42.615,163,13
42.63,163,12
42.645,166,12
42.66,163,13
42.675,161,12
42.69,165,14
42.705,165,12
42.72,164,12
42.735,166,16
42.75,165,19
42.765,165,18
42.78,167,17
42.795,166,15
42.81,168,16
42.825,165,17
42.84,166,16
42.855,164,16
42.87,168,14
42.885,169,16
42.9,168,13
42.915,165,15
42.93,165,15
42.945,165,13
42.96,162,10
42.975,159,13
42.99,164,14
43.005,157,12
43.02,160,14
43.035,161,13
43.05,160,12
43.065,161,12
43.08,162,17
43.095,162,19
43.11,164,15
43.125,164,16
43.14,165,19
43.155,166,20
43.17,167,18
43.185,168,21
43.2,169,20
43.215,168,20
43.23,169,14
43.245,167,16
43.26,169,16
43.275,169,18
43.29,170,19
43.305,170,18
43.32,169,17
43.335,168,18
43.35,169,18
43.365,169,18
43.38,167,16
43.395,165,13
43.41,166,15
43.425,162,17
43.44,163,17
43.455,165,14
43.47,165,18
43.485,163,16
43.5,160,17
43.515,158,19
43.53,156,16
43.545,154,14
43.56,154,13
43.575,156,14
43.59,158,13
43.605,158,16
43.62,158,16
43.635,157,19
43.65,156,19
43.665,156,19
43.68,156,19
43.695,156,18
43.71,160,20
43.725,159,20
43.74,161,23
43.755,162,22
43.77,159,18
43.785,162,18
43.8,161,15
43.815,164,16
43.83,165,17
43.845,167,17
43.86,165,18
43.875,162,19
43.89,161,18
43.905,162,18
43.92,160,19
43.935,162,20
43.95,163,19
43.965,164,19
43.98,164,16
43.995,166,15
44.01,167,13
44.025,166,14
44.04,165,14
44.055,165,17
44.07,162,17
44.085,163,14
44.1,164,22
44.115,162,26
44.13,163,23
44.145,156,24
44.16,158,24
44.175,162,24
44.19,163,23
44.205,162,20
44.22,159,18
44.235,161,18
44.25,159,18
44.265,159,17
44.28,161,18
44.295,162,19
44.31,159,20
44.325,161,23
44.34,161,24
44.355,163,20
44.37,163,19
44.385,160,18
44.4,162,21
44.415,162,22
44.43,162,22
44.445,163,21
44.46,164,20
44.475,163,24
44.49,158,21
44.505,158,22
44.52,160,22
44.535,162,20
44.55,160,20
44.565,160,19
44.58,161,18
44.595,162,19
44.61,161,18
44.625,160,18
44.64,158,17
44.655,158,16
44.67,159,15
44.685,161,16
44.7,161,18
44.715,157,16
44.73,157,19
44.745,158,16
44.76,161,19
44.775,161,18
44.79,164,18
44.805,165,21
44.82,167,18
44.835,164,16
44.85,163,18
44.865,164,20
44.88,165,22
44.895,166,23
44.91,164,20
44.925,161,23
44.94,162,21
44.955,162,26
44.97,161,25
44.985,160,25
45,161,25
45.015,161,17
45.03,161,18
45.045,164,23
45.06,163,20
45.075,161,21
45.09,162,22
45.105,160,21
45.12,161,21
45.135,161,20
45.15,163,20
45.165,163,23
45.18,162,20
45.195,159,21
45.21,157,20
45.225,158,19
45.24,160,18
45.255,158,20
45.27,156,17
45.285,156,14
45.3,155,12
45.315,156,14
45.33,157,16
45.345,157,18
45.36,156,19
45.375,156,16
45.39,156,15
45.405,156,13
45.42,156,13
45.435,154,14
45.45,157,10
45.465,156,12
45.48,159,13
45.495,160,13
45.51,159,13
45.525,160,13
45.54,162,13
45.555,161,14
45.57,157,17
45.585,160,17
45.6,161,14
45.615,159,21
45.63,162,23
45.645,162,27
45.66,161,24
45.675,164,23
45.69,161,24
45.705,162,23
45.72,163,23
45.735,160,20
45.75,162,23
45.765,159,21
45.78,160,19
45.795,163,21
45.81,162,22
45.825,160,20
45.84,162,19
45.855,165,18
45.87,166,19
45.885,164,23
45.9,166,19
45.915,168,22
45.93,167,25
45.945,164,28
45.96,162,22
45.975,162,20
45.99,164,18
46.005,164,17
46.02,164,16
46.035,164,19
46.05,163,17
46.065,166,19
46.08,162,20
46.095,165,19
46.11,165,20
46.125,167,21
46.14,168,24
46.155,168,27
46.17,168,24
46.185,169,20
46.2,167,20
46.215,167,20
46.23,164,20
46.245,167,21
46.26,168,22
46.275,165,23
46.29,165,23
46.305,168,21
46.32,167,21
46.335,169,22
46.35,170,19
46.365,169,20
46.38,166,23
46.395,165,22
46.41,162,23
46.425,162,23
46.44,164,25
46.455,162,27
46.47,161,30
46.485,159,31
46.5,160,31
46.515,160,27
46.53,158,24
46.545,155,28
46.56,155,28
46.575,158,28
46.59,158,26
46.605,158,25
46.62,158,22
46.635,160,27
46.65,159,29
46.665,159,29
46.68,159,32
46.695,159,31
46.71,160,31
46.725,158,32
46.74,160,28
46.755,161,28
46.77,160,25
46.785,162,22
46.8,161,22
46.815,160,22
46.83,158,23
46.845,159,25
46.86,159,25
46.875,158,24
46.89,158,25
46.905,154,27
46.92,157,25
46.935,158,25
46.95,161,30
46.965,161,27
46.98,161,27
46.995,163,26
47.01,160,26
47.025,163,25
47.04,162,25
47.055,163,20
47.07,164,22
47.085,164,23
47.1,163,23
47.115,160,25
47.13,162,27
47.145,161,20
47.16,163,21
47.175,162,20
47.19,164,20
47.205,159,23
47.22,160,22
47.235,160,21
47.25,163,19
47.265,161,18
47.28,160,17
47.295,160,16
47.31,160,18
47.325,163,18
47.34,163,18
47.355,165,21
47.37,165,19
47.385,163,21
47.4,165,19
47.415,167,19
47.43,168,16
47.445,169,19
47.46,168,23
47.475,168,27
47.49,171,28
47.505,171,25
47.52,169,25
47.535,165,25
47.55,164,24
47.565,164,24
47.58,164,21
47.595,162,22
47.61,160,24
47.625,159,27
47.64,157,25
47.655,162,26
47.67,163,22
47.685,164,27
47.7,165,27
47.715,165,29
47.73,163,26
47.745,163,28
47.76,160,27
47.775,162,23
47.79,165,25
47.805,167,22
47.82,166,21
47.835,164,20
47.85,165,20
47.865,165,19
47.88,164,18
47.895,165,17
47.91,167,16
47.925,168,13
47.94,166,13
47.955,164,14
47.97,165,16
47.985,163,16
48,162,18
48.015,163,18
48.03,162,20
48.045,161,16
48.06,163,18
48.075,161,15
48.09,160,10
48.105,163,9
48.12,163,9
48.135,164,11
48.15,167,12
48.165,166,17
48.18,166,13
48.195,164,15
48.21,165,17
48.225,165,17
48.24,165,19
48.255,165,18
48.27,164,19
48.285,163,18
48.3,164,19
48.315,163,20
48.33,160,24
48.345,159,21
48.36,160,17
48.375,159,16
48.39,160,18
48.405,162,19
48.42,165,20
48.435,167,18
48.45,169,17
48.465,167,19
48.48,162,20
48.495,162,21
48.51,162,18
48.525,162,17
48.54,163,17
48.555,162,18
48.57,163,19
48.585,163,20
48.6,161,17
48.615,159,18
48.63,160,16
48.645,161,20
48.66,162,22
48.675,163,17
48.69,162,18
48.705,162,13
48.72,161,11
48.735,161,8
48.75,164,10
48.765,162,12
48.78,162,19
48.795,163,21
48.81,162,18
48.825,162,19
48.84,162,19
48.855,160,18
48.87,163,23
48.885,163,23
48.9,164,19
48.915,163,18
48.93,163,15
48.945,166,18
48.96,163,17
48.975,161,19
48.99,163,20
49.005,159,17
49.02,158,20
49.035,158,23
49.05,158,22
49.065,157,22
49.08,157,25
49.095,156,27
49.11,157,24
49.125,159,23
49.14,163,23
49.155,161,25
49.17,163,26
49.185,163,22
49.2,164,24
49.215,166,24
49.23,166,21
49.245,167,18
49.26,169,18
49.275,168,20
49.29,169,20
49.305,171,19
49.32,172,17
49.335,169,17
49.35,169,13
49.365,168,16
49.38,166,17
49.395,167,20
49.41,166,18
49.425,167,21
49.44,168,20
49.455,170,18
49.47,167,17
49.485,164,17
49.5,165,19
49.515,162,19
49.53,161,17
49.545,163,18
49.56,162,19
49.575,165,17
49.59,165,17
49.605,164,15
49.62,168,16
49.635,169,16
49.65,168,17
49.665,169,15
49.68,170,16
49.695,169,16
49.71,171,19
49.725,173,18
49.74,170,20
49.755,171,17
49.77,167,17
49.785,166,17
49.8,163,20
49.815,164,23
49.83,163,25
49.845,165,22
49.86,164,18
49.875,166,18
49.89,164,17
49.905,162,18
49.92,160,17
49.935,157,14
49.95,156,17
49.965,153,17
49.98,157,18
49.995,157,18
50.01,156,18
50.025,159,20
50.04,162,21
50.055,161,21
50.07,161,22
50.085,160,22
50.1,157,21
50.115,158,19
50.13,161,21
50.145,163,20
50.16,164,22
50.175,167,21
50.19,165,23
50.205,165,25
50.22,166,21
50.235,165,18
50.25,166,22
50.265,164,23
50.28,167,23
50.295,166,21
50.31,164,20
50.325,166,21
50.34,164,18
50.355,164,20
50.37,158,19
50.385,163,20
50.4,161,23
50.415,159,21
50.43,160,22
50.445,160,22
50.46,159,26
50.475,156,26
50.49,158,23
50.505,161,23
50.52,159,22
50.535,156,20
50.55,156,20
50.565,156,21
50.58,154,20
50.595,150,18
50.61,151,16
50.625,152,15
50.64,154,17
50.655,153,17
50.67,154,15
50.685,154,16
50.7,153,19
50.715,151,19
50.73,154,24
50.745,156,23
50.76,152,26
50.775,154,24
50.79,155,22
50.805,156,22
50.82,157,20
50.835,154,17
50.85,158,16
50.865,158,17
50.88,159,17
50.895,159,20
50.91,162,19
50.925,165,15
50.94,165,16
50.955,164,16
50.97,163,16
50.985,165,19
51,164,27
51.015,160,24
51.03,158,16
51.045,160,16
51.06,160,16
51.075,158,16
51.09,159,17
51.105,156,15
51.12,156,17
51.135,157,17
51.15,157,16
51.165,157,15
51.18,154,16
51.195,154,19
51.21,153,20
51.225,155,22
51.24,156,23
51.255,156,26
51.27,159,26
51.285,158,27
51.3,156,27
51.315,161,26
51.33,159,26
51.345,160,25
51.36,159,24
51.375,160,27
51.39,155,27
51.405,155,25
51.42,156,27
51.435,155,28
51.45,155,22
51.465,157,28
51.48,157,32
51.495,159,30
51.51,159,28
51.525,157,27
51.54,159,27
51.555,160,27
51.57,161,25
51.585,159,26
51.6,156,26
51.615,153,24
51.63,152,21
51.645,152,23
51.66,152,28
51.675,154,25
51.69,154,28
51.705,154,29
51.72,150,30
51.735,149,28
51.75,151,28
51.765,147,27
51.78,148,28
51.795,155,27
51.81,156,22
51.825,155,22
51.84,155,23
51.855,159,22
51.87,160,20
51.885,159,17
51.9,160,22
51.915,157,22
51.93,158,18
51.945,158,17
51.96,158,17
51.975,160,18
51.99,161,20
52.005,163,21
52.02,164,24
52.035,166,28
52.05,165,28
52.065,162,29
52.08,161,32
52.095,161,28
52.11,163,27
52.125,166,25
52.14,168,25
52.155,162,28
52.17,163,28
52.185,162,28
52.2,163,28
52.215,164,24
52.23,164,27
52.245,165,28
52.26,164,30
52.275,162,27
52.29,161,27
52.305,164,27
52.32,164,28
52.335,159,27
52.35,158,27
52.365,160,26
52.38,159,26
52.395,160,24
52.41,159,27
52.425,155,25
52.44,158,19
52.455,156,21
52.47,157,20
52.485,160,25
52.5,161,27
52.515,161,24
52.53,161,23
52.545,162,24
52.56,164,22
52.575,164,24
52.59,162,26
52.605,162,27
52.62,162,25
52.635,161,27
52.65,163,28
52.665,159,28
52.68,159,28
52.695,158,27
52.71,157,27
52.725,157,26
52.74,157,25
52.755,158,28
52.77,162,28
52.785,160,27
52.8,163,25
52.815,163,29
52.83,161,27
52.845,162,24
52.86,163,24
52.875,164,28
52.89,164,27
52.905,164,26
52.92,165,26
52.935,163,27
52.95,165,30
52.965,166,28
52.98,164,28
52.995,167,26
53.01,171,27
53.025,168,25
53.04,166,24
53.055,166,25
53.07,168,29
53.085,167,25
53.1,166,27
53.115,168,29
53.13,168,31
53.145,169,30
53.16,167,32
53.175,166,32
53.19,166,30
53.205,164,26
53.22,167,25
53.235,167,26
53.25,166,25
53.265,165,27
53.28,167,24
53.295,167,25
53.31,169,28
53.325,170,26
53.34,168,25
53.355,169,28
53.37,166,21
53.385,164,21
53.4,165,21
53.415,166,25
53.43,165,27
53.445,165,26
53.46,165,27
53.475,164,24
53.49,162,28
53.505,163,27
53.52,159,29
53.535,160,28
53.55,162,26
53.565,159,24
53.58,159,22
53.595,162,22
53.61,163,23
53.625,161,22
53.64,161,26
53.655,163,28
53.67,163,25
53.685,165,22
53.7,162,22
53.715,160,22
53.73,161,23
53.745,159,25
53.76,161,26
53.775,161,23
53.79,161,24
53.805,162,24
53.82,164,22
53.835,166,23
53.85,163,23
53.865,163,24
53.88,162,25
53.895,163,26
53.91,163,25
53.925,163,27
53.94,162,27
53.955,162,26
53.97,159,25
53.985,158,27
54,157,25
54.015,155,24
54.03,158,22
54.045,160,21
54.06,158,18
54.075,156,20
54.09,157,19
54.105,159,22
54.12,162,21
54.135,164,22
54.15,164,21
54.165,165,22
54.18,165,23
54.195,164,25
54.21,161,27
54.225,164,25
54.24,160,25
54.255,157,25
54.27,157,24
54.285,161,24
54.3,163,26
54.315,165,25
54.33,167,27
54.345,169,28
54.36,169,27
54.375,168,29
54.39,169,26
54.405,168,26
54.42,167,26
54.435,165,29
54.45,166,27
54.465,163,29
54.48,163,31
54.495,164,35
54.51,162,35
54.525,159,33
54.54,161,31
54.555,161,33
54.57,164,32
54.585,164,34
54.6,163,36
54.615,166,34
54.63,165,32
54.645,165,34
54.66,163,34
54.675,161,39
54.69,158,38
54.705,159,38
54.72,161,34
54.735,164,33
54.75,165,28
54.765,164,29
54.78,163,27
54.795,165,30
54.81,162,29
54.825,158,28
54.84,158,29
54.855,160,26
54.87,157,26
54.885,157,25
54.9,158,26
54.915,159,29
54.93,161,30
54.945,160,29
54.96,159,28
54.975,158,28
54.99,159,33
55.005,159,32
55.02,162,31
55.035,163,31
55.05,164,33
55.065,165,30
55.08,167,27
55.095,166,28
55.11,166,27
55.125,166,26
55.14,167,29
55.155,169,28
55.17,167,29
55.185,166,27
55.2,167,23
55.215,168,25
55.23,165,25
55.245,166,25
55.26,164,27
55.275,164,27
55.29,163,29
55.305,165,32
55.32,164,29
55.335,164,31
55.35,162,32
55.365,160,30
55.38,160,29
55.395,159,28
55.41,161,31
55.425,163,33
55.44,162,32
55.455,161,34
55.47,162,35
55.485,162,35
55.5,164,32
55.515,164,33
55.53,164,34
55.545,161,30
55.56,160,33
55.575,161,31
55.59,160,31
55.605,160,28
55.62,163,31
55.635,163,30
55.65,160,33
55.665,161,34
55.68,161,33
55.695,160,32
55.71,160,29
55.725,159,25
55.74,161,27
55.755,163,28
55.77,163,29
55.785,160,28
55.8,161,28
55.815,161,33
55.83,162,27
55.845,167,26
55.86,168,25
55.875,168,23
55.89,167,23
55.905,163,21
55.92,163,21
55.935,163,20
55.95,165,19
55.965,168,19
55.98,167,20
55.995,166,19
56.01,167,21
56.025,165,23
56.04,163,25
56.055,163,28
56.07,165,28
56.085,163,30
56.1,164,31
56.115,160,28
56.13,161,31
56.145,163,32
56.16,160,29
56.175,160,28
56.19,160,27
56.205,165,26
56.22,165,29
56.235,166,31
56.25,165,33
56.265,164,34
56.28,165,35
56.295,166,33
56.31,163,37
56.325,163,35
56.34,161,33
56.355,161,35
56.37,160,33
56.385,162,31
56.4,162,30
56.415,165,30
56.43,163,32
56.445,163,30
56.46,163,28
56.475,163,27
56.49,165,26
56.505,166,24
56.52,164,26
56.535,163,24
56.55,164,25
56.565,167,22
56.58,167,20
56.595,167,18
56.61,166,20
56.625,164,21
56.64,164,20
56.655,163,21
56.67,165,24
56.685,165,23
56.7,166,22
56.715,165,26
56.73,164,26
56.745,161,26
56.76,161,28
56.775,162,26
56.79,166,22
56.805,163,21
56.82,163,26
56.835,159,25
56.85,159,25
56.865,158,23
56.88,159,22
56.895,160,29
56.91,163,31
56.925,162,31
56.94,162,28
56.955,164,27
56.97,163,29
56.985,163,27
57,163,28
57.015,166,28
57.03,166,29
57.045,166,28
57.06,166,30
57.075,166,31
57.09,163,34
57.105,162,32
57.12,161,30
57.135,161,29
57.15,162,32
57.165,164,29
57.18,165,24
57.195,165,23
57.21,168,26
57.225,165,24
57.24,163,21
57.255,161,23
57.27,160,22
57.285,163,23
57.3,161,26
57.315,160,22
57.33,161,23
57.345,161,21
57.36,161,24
57.375,160,28
57.39,159,31
57.405,161,31
57.42,162,32
57.435,163,29
57.45,161,29
57.465,161,29
57.48,162,27
57.495,163,27
57.51,162,26
57.525,163,23
57.54,165,21
57.555,165,17
57.57,164,22
57.585,167,27
57.6,169,28
57.615,170,27
57.63,169,25
57.645,170,28
57.66,168,28
57.675,166,30
57.69,168,32
57.705,166,30
57.72,168,27
57.735,168,25
57.75,166,24
57.765,167,23
57.78,168,20
57.795,167,20
57.81,169,22
57.825,168,24
57.84,165,24
57.855,163,23
57.87,165,22
57.885,165,21
57.9,161,21
57.915,160,22
57.93,161,20
57.945,163,20
57.96,162,16
57.975,162,19
57.99,165,19
58.005,166,21
58.02,164,18
58.035,164,18
58.05,167,20
58.065,165,22
58.08,163,22
58.095,161,22
58.11,162,24
58.125,165,25
58.14,163,24
58.155,165,23
58.17,163,21
58.185,162,21
58.2,161,25
58.215,162,28
58.23,161,30
58.245,164,25
58.26,164,28
58.275,164,26
58.29,160,24
58.305,162,25
58.32,160,26
58.335,158,28
58.35,158,25
58.365,157,25
58.38,157,24
58.395,158,26
58.41,158,22
58.425,157,26
58.44,157,24
58.455,161,24
58.47,162,23
58.485,166,20
58.5,167,20
58.515,166,21
58.53,168,19
58.545,167,16
58.56,164,19
58.575,162,21
58.59,161,19
58.605,163,23
58.62,164,22
58.635,166,23
58.65,166,24
58.665,168,25
58.68,166,28
58.695,165,28
58.71,165,28
58.725,164,31
58.74,163,30
58.755,165,33
58.77,164,32
58.785,163,30
58.8,164,30
58.815,164,28
58.83,163,24
58.845,165,30
58.86,165,32
58.875,161,34
58.89,162,32
58.905,162,31
58.92,161,30
58.935,162,29
58.95,162,33
58.965,166,30
58.98,167,28
58.995,168,30
59.01,168,32
59.025,165,32
59.04,167,35
59.055,165,33
59.07,165,32
59.085,162,34
59.1,162,37
59.115,164,38
59.13,163,39
59.145,162,44
59.16,162,42
59.175,163,40
59.19,165,38
59.205,164,37
59.22,164,39
59.235,166,36
59.25,164,33
59.265,164,33
59.28,163,31
59.295,161,34
59.31,160,31
59.325,162,29
59.34,164,32
59.355,164,33
59.37,164,36
59.385,166,38
59.4,167,38
59.415,164,37
59.43,164,39
59.445,159,35
59.46,156,36
59.475,158,35
59.49,163,39
59.505,163,37
59.52,164,35
59.535,161,34
59.55,161,26
59.565,162,27
59.58,160,29
59.595,164,32
59.61,166,29
59.625,166,25
59.64,166,24
59.655,166,23
59.67,162,25
59.685,164,27
59.7,164,31
59.715,165,31
59.73,169,29
59.745,168,29
59.76,166,27
59.775,166,29
59.79,168,27
59.805,167,25
59.82,167,27
59.835,165,30
59.85,164,29
59.865,162,27
59.88,165,25
59.895,164,23
59.91,163,21
59.925,160,21
59.94,158,24
59.955,158,25
59.97,157,29
59.985,157,27
60,157,31
60.015,153,33
60.03,157,33
60.045,158,34
60.06,161,33
60.075,163,31
60.09,166,32
60.105,166,28
60.12,166,23
60.135,167,24
60.15,164,22
60.165,162,16
60.18,161,19
60.195,164,21
60.21,162,18
60.225,160,17
60.24,159,19
60.255,158,20
60.27,157,21
60.285,160,19
60.3,162,20
60.315,162,20
60.33,160,21
60.345,161,20
60.36,162,18
60.375,160,18
60.39,161,18
60.405,163,19
60.42,162,18
60.435,162,20
60.45,162,18
60.465,162,19
60.48,164,19
60.495,165,20
60.51,166,25
60.525,165,25
60.54,163,25
60.555,162,25
60.57,161,23
60.585,161,25
60.6,162,32
60.615,162,36
60.63,163,35
60.645,163,28
60.66,166,28
60.675,165,27
60.69,162,29
60.705,161,33
60.72,161,32
60.735,158,32
60.75,159,32
60.765,158,28
60.78,158,28
60.795,158,26
60.81,161,30
60.825,162,29
60.84,160,23
60.855,159,23
60.87,159,27
60.885,160,26
60.9,160,26
60.915,158,28
60.93,157,29
60.945,158,29
60.96,156,29
60.975,156,27
60.99,155,30
61.005,158,31
61.02,157,33
61.035,158,33
61.05,154,36
61.065,156,37
61.08,155,35
61.095,153,37
61.11,157,36
61.125,156,40
61.14,156,42
61.155,156,43
61.17,158,41
61.185,158,33
61.2,158,31
61.215,160,32
61.23,161,29
61.245,160,29
61.26,158,26
61.275,159,26
61.29,159,27
61.305,159,27
61.32,163,30
61.335,162,37
61.35,163,37
61.365,160,31
61.38,160,33
61.395,161,34
61.41,165,34
61.425,163,32
61.44,164,29
61.455,165,27
61.47,164,25
61.485,163,26
61.5,164,26
61.515,162,25
61.53,163,22
61.545,162,26
61.56,163,22
61.575,160,25
61.59,163,24
61.605,162,28
61.62,162,30
61.635,162,32
61.65,164,32
61.665,166,29
61.68,165,28
61.695,166,28
61.71,165,29
61.725,166,26
61.74,167,28
61.755,167,28
61.77,166,25
61.785,163,26
61.8,167,30
61.815,167,29
61.83,166,32
61.845,166,28
61.86,169,22
61.875,169,24
61.89,167,25
61.905,167,21
61.92,165,27
61.935,165,24
61.95,164,22
61.965,159,22
61.98,159,19
61.995,162,22
62.01,163,23
62.025,162,24
62.04,161,23
62.055,161,23
62.07,162,22
62.085,161,22
62.1,161,24
62.115,164,24
62.13,163,22
62.145,161,25
62.16,161,26
62.175,160,27
62.19,159,26
62.205,160,26
62.22,160,26
62.235,160,27
62.25,160,30
62.265,163,32
62.28,161,30
62.295,166,28
62.31,164,25
62.325,163,24
62.34,163,21
62.355,161,20
62.37,163,21
62.385,161,25
62.4,161,27
62.415,161,27
62.43,161,22
62.445,162,21
62.46,160,24
62.475,161,25
62.49,162,25
62.505,163,27
62.52,163,22
62.535,166,25
62.55,165,27
62.565,163,28
62.58,165,25
62.595,161,23
62.61,163,21
62.625,163,20
62.64,162,17
62.655,161,17
62.67,163,14
62.685,163,16
62.7,165,19
62.715,167,21
62.73,169,18
62.745,170,17
62.76,169,19
62.775,169,22
62.79,168,26
62.805,165,24
62.82,163,21
62.835,164,25
62.85,164,22
62.865,164,22
62.88,164,24
62.895,162,23
62.91,160,26
62.925,162,24
62.94,162,28
62.955,163,25
62.97,164,28
62.985,163,29
63,164,27
63.015,164,25
63.03,164,25
63.045,164,24
63.06,162,24
63.075,160,23
63.09,161,22
63.105,159,27
63.12,157,23
63.135,157,21
63.15,155,18
63.165,156,17
63.18,155,20
63.195,156,22
63.21,155,21
63.225,157,20
63.24,158,21
63.255,161,24
63.27,162,26
63.285,162,24
63.3,164,21
63.315,165,24
63.33,165,22
63.345,162,21
63.36,162,20
63.375,165,19
63.39,163,19
63.405,162,22
63.42,163,23
63.435,162,25
63.45,164,27
63.465,161,32
63.48,162,26
63.495,162,27
63.51,160,28
63.525,163,34
63.54,164,36
63.555,164,35
63.57,160,37
63.585,164,35
63.6,164,34
63.615,165,32
63.63,166,29
63.645,164,30
63.66,165,27
63.675,161,24
63.69,161,26
63.705,161,26
63.72,163,25
63.735,162,24
63.75,163,25
63.765,162,29
63.78,159,26
63.795,163,27
63.81,163,23
63.825,164,28
63.84,165,25
63.855,165,29
63.87,163,28
63.885,164,27
63.9,163,23
63.915,164,23
63.93,166,23
63.945,166,22
63.96,167,27
63.975,168,27
63.99,168,28
64.005,168,29
64.02,167,28
64.035,166,26
64.05,164,32
64.065,163,33
64.08,163,35
64.095,166,35
64.11,164,36
64.125,162,37
64.14,165,36
64.155,166,33
64.17,170,28
64.185,173,33
64.2,172,32
64.215,169,33
64.23,168,31
64.245,168,32
64.26,168,30
64.275,167,33
64.29,168,31
64.305,165,31
64.32,169,29
64.335,168,30
64.35,167,29
64.365,166,27
64.38,166,30
64.395,166,35
64.41,163,34
64.425,163,33
64.44,161,30
64.455,160,31
64.47,160,33
64.485,162,33
64.5,162,33
64.515,160,31
64.53,163,33
64.545,159,31
64.56,160,35
64.575,160,31
64.59,161,30
64.605,164,30
64.62,161,27
64.635,160,29
64.65,161,27
64.665,161,28
64.68,162,24
64.695,164,27
64.71,158,26
64.725,166,25
64.74,166,23
64.755,167,22
64.77,166,21
64.785,166,20
64.8,165,24
64.815,166,23
64.83,165,21
64.845,164,22
64.86,163,21
64.875,166,19
64.89,166,22
64.905,167,24
64.92,165,24
64.935,164,26
64.95,163,26
64.965,162,29
64.98,160,27
64.995,160,29
65.01,158,32
65.025,160,30
65.04,163,30
65.055,163,33
65.07,162,36
65.085,162,38
65.1,157,38
65.115,158,38
65.13,162,35
65.145,162,38
65.16,160,41
65.175,160,48
65.19,159,47
65.205,160,42
65.22,159,41
65.235,160,38
65.25,158,38
65.265,163,39
65.28,165,44
65.295,165,43
65.31,164,41
65.325,166,41
65.34,165,40
65.355,162,41
65.37,163,37
65.385,162,37
65.4,162,37
65.415,159,37
65.43,159,37
65.445,160,36
65.46,159,33
65.475,162,34
65.49,159,27
65.505,159,27
65.52,156,29
65.535,157,35
65.55,159,31
65.565,160,29
65.58,159,29
65.595,160,26
65.61,161,25
65.625,160,28
65.64,159,33
65.655,161,34
65.67,160,35
65.685,163,34
65.7,161,35
65.715,161,37
65.73,165,35
65.745,167,34
65.76,167,31
65.775,168,29
65.79,168,34
65.805,169,33
65.82,166,33
65.835,165,38
65.85,168,36
65.865,166,37
65.88,166,33
65.895,164,32
65.91,163,34
65.925,162,34
65.94,162,36
65.955,161,34
65.97,167,35
65.985,166,32
66,164,34
66.015,164,35
66.03,162,36
66.045,164,38
66.06,165,41
66.075,166,37
66.09,163,35
66.105,162,34
66.12,163,31
66.135,162,30
66.15,161,29
66.165,164,27
66.18,166,25
66.195,165,25
66.21,166,26
66.225,165,29
66.24,166,34
66.255,163,31
66.27,164,32
66.285,163,34
66.3,164,30
66.315,161,30
66.33,161,27
66.345,159,28
66.36,160,33
66.375,160,27
66.39,160,28
66.405,163,27
66.42,164,32
66.435,166,31
66.45,163,27
66.465,163,29
66.48,162,30
66.495,161,27
66.51,160,30
66.525,160,27
66.54,161,25
66.555,162,21
66.57,161,19
66.585,162,20
66.6,161,22
66.615,164,23
66.63,163,22
66.645,159,28
66.66,160,31
66.675,161,29
66.69,163,29
66.705,160,23
66.72,161,25
66.735,165,25
66.75,166,26
66.765,166,20
66.78,166,23
66.795,167,25
66.81,168,26
66.825,168,26
66.84,166,26
66.855,166,24
66.87,167,21
66.885,163,23
66.9,164,22
66.915,163,21
66.93,162,27
66.945,161,27
66.96,161,25
66.975,161,27
66.99,160,28
67.005,164,34
67.02,165,28
67.035,162,28
67.05,162,29
67.065,165,29
67.08,165,29
67.095,168,26
67.11,169,28
67.125,168,30
67.14,169,29
67.155,166,32
67.17,167,32
67.185,166,30
67.2,169,29
67.215,166,30
67.23,167,28
67.245,167,27
67.26,165,26
67.275,165,27
67.29,167,26
67.305,167,23
67.32,166,24
67.335,163,26
67.35,163,25
67.365,158,24
67.38,161,26
67.395,159,30
67.41,160,28
67.425,160,25
67.44,160,22
67.455,161,24
67.47,159,25
67.485,161,27
67.5,161,27
67.515,160,30
67.53,159,30
67.545,165,30
67.56,164,29
67.575,164,31
67.59,162,34
67.605,161,31
67.62,163,29
67.635,164,26
67.65,167,24
67.665,166,25
67.68,164,23
67.695,164,27
67.71,167,33
67.725,166,33
67.74,167,37
67.755,166,39
67.77,166,42
67.785,162,44
67.8,163,41
67.815,163,44
67.83,166,43
67.845,164,43
67.86,165,44
67.875,167,40
67.89,168,42
67.905,167,39
67.92,167,35
67.935,165,33
67.95,166,35
67.965,166,36
67.98,167,40
67.995,165,36
68.01,165,37
68.025,167,36
68.04,168,33
68.055,165,33
68.07,166,32
68.085,162,33
68.1,162,29
68.115,159,30
68.13,159,29
68.145,156,29
68.16,157,29
68.175,158,31
68.19,161,36
68.205,162,36
68.22,164,35
68.235,165,32
68.25,162,35
68.265,161,32
68.28,159,30
68.295,163,29
68.31,164,31
68.325,162,35
68.34,162,32
68.355,161,31
68.37,162,32
68.385,159,32
68.4,161,33
68.415,162,31
68.43,163,29
68.445,163,29
68.46,161,28
68.475,164,30
68.49,163,35
68.505,162,36
68.52,163,36
68.535,164,35
68.55,164,34
68.565,165,36
68.58,165,38
68.595,166,33
68.61,168,36
68.625,169,36
68.64,168,34
68.655,169,37
68.67,169,33
68.685,168,31
68.7,166,34
68.715,167,35
68.73,167,34
68.745,167,31
68.76,167,26
68.775,167,27
68.79,164,25
68.805,158,29
68.82,155,29
68.835,156,28
68.85,159,28
68.865,161,29
68.88,160,27
68.895,162,30
68.91,160,31
68.925,163,34
68.94,161,32
68.955,160,28
68.97,159,29
68.985,159,27
69,158,29
69.015,161,34
69.03,164,37
69.045,163,37
69.06,166,40
69.075,166,38
69.09,164,32
69.105,163,28
69.12,164,27
69.135,165,26
69.15,165,28
69.165,166,32
69.18,160,32
69.195,158,28
69.21,157,24
69.225,159,24
69.24,160,28
69.255,160,28
69.27,160,25
69.285,162,24
69.3,163,23
69.315,163,25
69.33,164,29
69.345,165,25
69.36,165,25
69.375,167,27
69.39,169,27
69.405,168,27
69.42,166,32
69.435,165,35
69.45,164,31
69.465,164,31
69.48,165,32
69.495,167,38
69.51,168,37
69.525,169,37
69.54,167,36
69.555,168,32
69.57,167,29
69.585,167,31
69.6,168,31
69.615,166,30
69.63,167,31
69.645,162,31
69.66,163,32
69.675,167,29
69.69,165,32
69.705,163,31
69.72,162,32
69.735,164,30
69.75,163,31
69.765,162,27
69.78,164,26
69.795,167,24
69.81,169,23
69.825,168,22
69.84,170,23
69.855,168,25
69.87,170,26
69.885,169,25
69.9,169,25
69.915,168,25
69.93,167,25
69.945,166,26
69.96,162,25
69.975,162,24
69.99,160,23
70.005,159,24
70.02,157,26
70.035,157,21
70.05,157,24
70.065,160,22
70.08,158,23
70.095,162,24
70.11,162,22
70.125,166,24
70.14,164,24
70.155,168,28
70.17,168,27
70.185,167,28
70.2,168,27
70.215,165,27
70.23,163,31
70.245,160,29
70.26,161,31
70.275,157,34
70.29,157,34
70.305,156,33
70.32,156,36
70.335,155,38
70.35,160,39
70.365,158,38
70.38,156,39
70.395,157,33
70.41,159,36
70.425,161,36
70.44,161,37
70.455,160,39
70.47,162,40
70.485,161,33
70.5,159,31
70.515,160,31
70.53,159,28
70.545,159,26
70.56,161,24
70.575,158,20
70.59,159,24
70.605,160,25
70.62,160,23
70.635,162,19
70.65,161,19
70.665,162,19
70.68,162,19
70.695,160,22
70.71,160,21
70.725,161,18
70.74,164,21
70.755,162,19
70.77,161,18
70.785,162,13
70.8,165,21
70.815,163,19
70.83,164,23
70.845,165,20
70.86,164,20
70.875,165,17
70.89,165,13
70.905,167,12
70.92,166,15
70.935,165,14
70.95,168,17
70.965,169,19
70.98,168,20
70.995,165,20
71.01,163,18
71.025,164,20
71.04,163,20
71.055,164,20
71.07,163,23
71.085,165,21
71.1,165,19
71.115,166,20
71.13,164,22
71.145,160,23
71.16,159,25
71.175,160,30
71.19,161,29
71.205,162,27
71.22,164,24
71.235,162,22
71.25,163,26
71.265,165,26
71.28,166,21
71.295,164,27
71.31,161,28
71.325,163,30
71.34,164,31
71.355,164,33
71.37,167,30
71.385,167,28
71.4,164,29
71.415,162,26
71.43,162,25
71.445,161,23
71.46,160,23
71.475,157,22
71.49,159,18
71.505,158,17
71.52,158,21
71.535,155,25
71.55,158,29
71.565,159,30
71.58,159,29
71.595,159,25
71.61,157,24
71.625,158,24
71.64,160,27
71.655,157,28
71.67,155,29
71.685,156,32
71.7,156,34
71.715,156,36
71.73,160,33
71.745,160,34
71.76,161,32
71.775,162,31
71.79,160,30
71.805,161,32
71.82,160,31
71.835,161,27
71.85,163,30
71.865,161,31
71.88,159,31
71.895,155,31
71.91,158,31
71.925,161,32
71.94,164,31
71.955,163,29
71.97,163,29
71.985,163,30
72,162,30
72.015,162,30
72.03,161,28
72.045,159,29
72.06,156,30
72.075,158,32
72.09,159,31
72.105,158,31
72.12,164,31
72.135,165,33
72.15,165,34
72.165,165,37
72.18,164,35
72.195,162,36
72.21,165,34
72.225,166,36
72.24,170,35
72.255,168,34
72.27,169,34
72.285,168,34
72.3,167,35
72.315,167,35
72.33,166,37
72.345,167,39
72.36,167,35
72.375,167,33
72.39,166,32
72.405,167,27
72.42,168,28
72.435,167,28
72.45,167,26
72.465,166,25
72.48,168,30
72.495,169,33
72.51,171,30
72.525,170,33
72.54,166,30
72.555,166,31
72.57,166,30
72.585,166,32
72.6,168,33
72.615,167,31
72.63,164,32
72.645,161,31
72.66,161,31
72.675,161,29
72.69,168,30
72.705,167,29
72.72,166,30
72.735,165,32
72.75,163,31
72.765,162,30
72.78,161,31
72.795,159,31
72.81,161,35
72.825,160,36
72.84,160,41
72.855,160,38
72.87,159,36
72.885,160,37
72.9,161,36
72.915,162,34
72.93,160,33
72.945,161,34
72.96,166,35
72.975,167,37
72.99,169,34
73.005,169,35
73.02,165,32
73.035,163,32
73.05,163,35
73.065,164,35
73.08,164,36
73.095,163,35
73.11,161,34
73.125,161,35
73.14,157,35
73.155,158,35
73.17,155,37
73.185,156,38
73.2,154,36
73.215,156,39
73.23,156,40
73.245,160,37
73.26,159,32
73.275,156,29
73.29,159,35
73.305,158,33
73.32,159,35
73.335,159,31
73.35,158,31
73.365,160,29
73.38,161,28
73.395,159,26
73.41,164,28
73.425,162,28
73.44,161,32
73.455,158,35
73.47,156,36
73.485,159,32
73.5,157,27
73.515,155,30
73.53,156,33
73.545,157,34
73.56,156,35
73.575,157,32
73.59,156,32
73.605,159,32
73.62,156,30
73.635,156,29
73.65,161,29
73.665,162,27
73.68,162,25
73.695,163,25
73.71,165,24
73.725,164,24
73.74,163,21
73.755,164,28
73.77,167,28
73.785,166,32
73.8,166,31
73.815,167,28
73.83,166,28
73.845,167,29
73.86,169,28
73.875,169,28
73.89,168,29
73.905,167,31
73.92,166,30
73.935,166,36
73.95,168,37
73.965,168,34
73.98,166,35
73.995,167,34
74.01,167,40
74.025,167,35
74.04,167,32
74.055,165,34
74.07,163,34
74.085,161,29
74.1,161,29
74.115,162,29
74.13,163,31
74.145,164,30
74.16,163,28
74.175,164,28
74.19,164,24
74.205,162,23
74.22,161,25
74.235,162,29
74.25,161,30
74.265,161,29
74.28,161,31
74.295,160,30
74.31,162,32
74.325,161,33
74.34,161,35
74.355,161,37
74.37,160,35
74.385,159,34
74.4,159,30
74.415,158,29
74.43,160,31
74.445,157,27
74.46,157,31
74.475,156,31
74.49,160,35
74.505,160,33
74.52,164,29
74.535,164,27
74.55,162,29
74.565,163,33
74.58,165,30
74.595,168,30
74.61,167,29
74.625,165,30
74.64,165,25
74.655,165,29
74.67,165,29
74.685,166,28
74.7,168,31
74.715,167,35
74.73,166,35
74.745,164,39
74.76,164,40
74.775,164,38
74.79,163,38
74.805,164,35
74.82,163,32
74.835,162,33
74.85,163,33
74.865,160,33
74.88,165,30
74.895,163,30
74.91,161,28
74.925,163,28
74.94,163,26
74.955,164,25
74.97,164,29
74.985,161,27
75,161,28
75.015,162,28
75.03,161,27
75.045,162,26
75.06,164,29
75.075,165,33
75.09,163,32
75.105,162,31
75.12,161,34
75.135,161,35
75.15,159,37
75.165,162,33
75.18,165,30
75.195,165,28
75.21,163,29
75.225,164,29
75.24,165,30
75.255,164,30
75.27,165,29
75.285,160,29
75.3,158,28
75.315,158,29
75.33,158,33
75.345,163,33
75.36,161,37
75.375,163,36
75.39,164,34
75.405,167,34
75.42,166,33
75.435,166,28
75.45,167,27
75.465,165,31
75.48,165,31
75.495,166,28
75.51,165,25
75.525,165,26
75.54,165,24
75.555,163,28
75.57,163,28
75.585,164,29
75.6,162,24
75.615,162,26
75.63,160,24
75.645,158,26
75.66,159,26
75.675,161,23
75.69,162,24
75.705,166,25
75.72,164,25
75.735,164,21
75.75,164,22
75.765,164,23
75.78,163,25
75.795,163,20
75.81,161,23
75.825,164,26
75.84,164,24
75.855,164,25
75.87,164,31
75.885,167,31
75.9,166,33
75.915,165,36
75.93,165,34
75.945,162,36
75.96,162,36
75.975,162,35
75.99,163,32
76.005,164,30
76.02,166,32
76.035,165,34
76.05,164,35
76.065,167,32
76.08,165,33
76.095,166,35
76.11,167,33
76.125,166,33
76.14,165,37
76.155,167,39
76.17,165,39
76.185,166,41
76.2,165,37
76.215,164,37
76.23,164,37
76.245,164,34
76.26,163,37
76.275,163,39
76.29,165,37
76.305,166,39
76.32,164,37
76.335,166,39
76.35,165,39
76.365,165,36
76.38,167,34
76.395,168,34
76.41,169,35
76.425,167,34
76.44,165,37
76.455,166,38
76.47,163,37
76.485,160,33
76.5,160,36
76.515,164,37
76.53,163,36
76.545,164,34
76.56,162,33
76.575,160,32
76.59,163,32
76.605,164,33
76.62,163,33
76.635,163,35
76.65,163,39
76.665,164,43
76.68,165,40
76.695,165,39
76.71,165,39
76.725,167,43
76.74,168,41
76.755,168,43
76.77,165,39
76.785,164,37
76.8,164,33
76.815,165,36
76.83,165,32
76.845,164,31
76.86,163,29
76.875,162,31
76.89,161,28
76.905,163,23
76.92,164,26
76.935,160,24
76.95,160,25
76.965,157,28
76.98,158,32
76.995,161,28
77.01,161,26
77.025,158,25
77.04,160,27
77.055,162,31
77.07,163,34
77.085,161,31
77.1,160,30
77.115,162,33
77.13,162,31
77.145,162,33
77.16,162,32
77.175,160,32
77.19,161,30
77.205,164,33
77.22,166,30
77.235,167,28
77.25,166,29
77.265,165,28
77.28,166,31
77.295,162,29
77.31,167,27
77.325,167,24
77.34,163,27
77.355,165,31
77.37,168,33
77.385,166,34
77.4,166,34
77.415,167,30
77.43,165,30
77.445,165,29
77.46,166,32
77.475,166,35
77.49,164,37
77.505,167,39
77.52,166,35
77.535,165,35
77.55,161,34
77.565,162,29
77.58,167,28
77.595,168,27
77.61,167,29
77.625,167,29
77.64,169,30
77.655,169,29
77.67,169,29
77.685,168,32
77.7,171,31
77.715,172,31
77.73,172,33
77.745,169,34
77.76,170,33
77.775,168,32
77.79,167,33
77.805,166,32
77.82,167,31
77.835,169,27
77.85,168,31
77.865,168,33
77.88,165,31
77.895,164,30
77.91,163,28
77.925,165,24
77.94,167,24
77.955,166,24
77.97,167,22
77.985,166,25
78,165,26
78.015,167,26
78.03,167,29
78.045,165,31
78.06,163,33
78.075,163,33
78.09,162,30
78.105,160,33
78.12,162,33
78.135,163,31
78.15,164,31
78.165,164,32
78.18,165,31
78.195,163,28
78.21,163,30
78.225,163,29
78.24,160,26
78.255,163,23
78.27,164,21
78.285,166,21
78.3,163,21
78.315,166,22
78.33,166,21
78.345,166,17
78.36,165,17
78.375,166,17
78.39,167,19
78.405,167,20
78.42,167,22
78.435,168,27
78.45,168,28
78.465,169,23
78.48,169,27
78.495,166,30
78.51,169,32
78.525,169,28
78.54,170,30
78.555,169,29
78.57,168,27
78.585,169,31
78.6,168,28
78.615,170,28
78.63,170,25
78.645,169,29
78.66,169,29
78.675,168,28
78.69,168,28
78.705,166,30
78.72,166,30
78.735,164,30
78.75,167,29
78.765,166,27
78.78,166,29
78.795,163,28
78.81,164,29
78.825,165,27
78.84,166,27
78.855,168,26
78.87,168,29
78.885,166,27
78.9,166,27
78.915,164,28
78.93,168,29
78.945,167,29
78.96,167,29
78.975,167,29
78.99,167,30
79.005,167,24
79.02,168,22
79.035,168,25
79.05,166,24
79.065,166,25
79.08,163,26
79.095,166,27
79.11,163,30
79.125,164,29
79.14,164,28
79.155,165,26
79.17,165,29
79.185,162,29
79.2,161,27
79.215,163,29
79.23,161,27
79.245,161,27
79.26,162,28
79.275,163,29
79.29,162,30
79.305,158,27
79.32,158,24
79.335,159,24
79.35,160,24
79.365,158,24
79.38,155,25
79.395,155,24
79.41,158,24
79.425,162,23
79.44,164,21
79.455,161,24
79.47,161,23
79.485,162,23
79.5,161,24
79.515,162,20
79.53,162,20
79.545,161,21
79.56,161,25
79.575,159,23
79.59,158,25
79.605,159,26
79.62,163,20
79.635,162,25
79.65,161,25
79.665,161,23
79.68,160,23
79.695,162,22
79.71,161,26
79.725,160,25
79.74,161,29
79.755,163,32
79.77,163,33
79.785,164,33
79.8,165,35
79.815,164,34
79.83,164,31
79.845,163,33
79.86,162,32
79.875,161,32
79.89,161,29
79.905,163,30
79.92,163,33
79.935,165,32
79.95,165,30
79.965,163,32
79.98,164,33
79.995,161,26
80.01,159,29
80.025,161,33
80.04,160,34
80.055,158,30
80.07,159,33
80.085,159,36
80.1,158,30
80.115,156,29
80.13,159,28
80.145,159,26
80.16,162,25
80.175,163,24
80.19,164,24
80.205,165,24
80.22,165,28
80.235,166,29
80.25,167,27
80.265,165,27
80.28,165,31
80.295,164,32
80.31,166,32
80.325,166,32
80.34,168,30
80.355,169,26
80.37,170,27
80.385,171,28
80.4,171,30
80.415,171,33
80.43,173,32
80.445,173,30
80.46,171,31
80.475,170,31
80.49,168,29
80.505,167,27
80.52,167,24
80.535,165,23
80.55,164,25
80.565,164,25
80.58,164,25
80.595,164,22
80.61,162,29
80.625,160,28
80.64,159,28
80.655,159,28
80.67,158,25
80.685,160,27
80.7,161,24
80.715,158,25
80.73,158,26
80.745,157,23
80.76,159,24
80.775,159,22
80.79,159,26
80.805,159,27
80.82,160,27
80.835,159,24
80.85,156,22
80.865,157,23
80.88,159,25
80.895,162,22
80.91,160,25
80.925,160,23
80.94,156,25
80.955,158,25
80.97,160,24
80.985,158,21
81,162,25
81.015,159,24
81.03,158,26
81.045,158,26
81.06,158,28
81.075,160,30
81.09,158,30
81.105,159,27
81.12,158,28
81.135,157,30
81.15,159,29
81.165,157,29
81.18,158,32
81.195,163,32
81.21,164,33
81.225,164,30
81.24,163,30
81.255,164,30
81.27,163,29
81.285,162,24
81.3,158,27
81.315,160,29
81.33,162,28
81.345,162,27
81.36,161,27
81.375,161,28
81.39,162,28
81.405,160,30
81.42,162,30
81.435,165,33
81.45,163,35
81.465,164,33
81.48,166,31
81.495,167,31
81.51,167,31
81.525,168,30
81.54,169,26
81.555,169,21
81.57,167,26
81.585,165,26
81.6,166,27
81.615,163,27
81.63,163,27
81.645,165,28
81.66,164,30
81.675,166,26
81.69,165,29
81.705,162,31
81.72,163,32
81.735,163,33
81.75,163,32
81.765,163,35
81.78,166,34
81.795,166,38
81.81,167,34
81.825,170,33
81.84,170,32
81.855,168,33
81.87,168,35
81.885,168,34
81.9,169,38
81.915,168,40
81.93,166,36
81.945,165,32
81.96,164,36
81.975,165,35
81.99,167,30
82.005,167,30
82.02,165,31
82.035,167,30
82.05,168,31
82.065,167,33
82.08,167,33
82.095,168,33
82.11,168,33
82.125,170,33
82.14,171,38
82.155,171,37
82.17,170,35
82.185,166,34
82.2,168,33
82.215,171,32
82.23,171,31
82.245,169,29
82.26,172,25
82.275,172,26
82.29,170,31
82.305,168,33
82.32,169,30
82.335,171,33
82.35,170,34
82.365,171,35
82.38,167,37
82.395,168,36
82.41,167,35
82.425,166,36
82.44,165,35
82.455,164,34
82.47,161,37
82.485,164,35
82.5,164,35
82.515,165,34
82.53,164,31
82.545,164,32
82.56,165,37
82.575,167,40
82.59,167,39
82.605,169,40
82.62,169,38
82.635,169,40
82.65,166,41
82.665,168,42
82.68,169,39
82.695,169,34
82.71,170,31
82.725,168,31
82.74,168,28
82.755,169,29
82.77,169,30
82.785,166,31
82.8,165,34
82.815,165,32
82.83,163,33
82.845,162,28
82.86,164,29
82.875,163,31
82.89,163,28
82.905,162,28
82.92,166,26
82.935,166,29
82.95,164,31
82.965,162,31
82.98,163,30
82.995,167,32
83.01,167,34
83.025,164,38
83.04,166,37
83.055,167,35
83.07,165,33
83.085,164,32
83.1,166,35
83.115,165,35
83.13,164,35
83.145,168,37
83.16,167,37
83.175,167,36
83.19,166,33
83.205,167,35
83.22,167,37
83.235,165,36
83.25,166,36
83.265,167,32
83.28,168,33
83.295,168,32
83.31,166,33
83.325,166,35
83.34,164,33
83.355,164,31
83.37,163,30
83.385,162,29
83.4,162,28
83.415,162,28
83.43,160,26
83.445,161,26
83.46,161,27
83.475,162,31
83.49,162,29
83.505,166,32
83.52,165,28
83.535,162,32
83.55,162,34
83.565,160,35
83.58,161,35
83.595,163,36
83.61,162,36
83.625,162,36
83.64,160,36
83.655,159,35
83.67,159,31
83.685,164,31
83.7,164,32
83.715,164,34
83.73,164,35
83.745,166,31
83.76,166,31
83.775,168,30
83.79,167,29
83.805,167,25
83.82,165,26
83.835,169,25
83.85,170,29
83.865,170,27
83.88,169,25
83.895,169,23
83.91,169,25
83.925,168,30
83.94,166,28
83.955,165,27
83.97,163,25
83.985,164,25
84,163,24
84.015,163,24
84.03,163,26
84.045,163,24
84.06,165,26
84.075,165,26
84.09,164,24
84.105,165,24
84.12,165,24
84.135,164,24
84.15,162,25
84.165,162,25
84.18,163,27
84.195,166,25
84.21,168,27
84.225,165,27
84.24,161,27
84.255,164,27
84.27,162,29
84.285,163,25
84.3,164,30
84.315,164,33
84.33,165,34
84.345,166,33
84.36,167,32
84.375,169,31
84.39,169,37
84.405,167,36
84.42,165,33
84.435,164,34
84.45,162,29
84.465,160,30
84.48,156,29
84.495,153,27
84.51,158,23
84.525,158,27
84.54,159,28
84.555,159,27
84.57,159,32
84.585,161,32
84.6,161,35
84.615,164,34
84.63,162,33
84.645,162,34
84.66,160,33
84.675,163,32
84.69,162,27
84.705,162,31
84.72,163,27
84.735,162,29
84.75,162,24
84.765,165,22
84.78,164,27
84.795,165,26
84.81,164,27
84.825,163,29
84.84,164,30
84.855,162,29
84.87,166,21
84.885,166,22
84.9,166,24
84.915,167,27
84.93,166,29
84.945,167,33
84.96,167,27
84.975,168,30
84.99,168,27
85.005,168,30
85.02,167,26
85.035,168,26
85.05,169,30
85.065,169,33
85.08,169,31
85.095,169,31
85.11,170,31
85.125,169,24
85.14,167,23
85.155,166,31
85.17,163,26
85.185,164,27
85.2,163,31
85.215,163,29
85.23,163,24
85.245,163,24
85.26,163,23
85.275,160,25
85.29,159,25
85.305,161,25
85.32,162,25
85.335,165,28
85.35,164,26
85.365,162,26
85.38,160,24
85.395,160,25
85.41,160,27
85.425,162,29
85.44,161,28
85.455,163,25
85.47,163,23
85.485,164,28
85.5,162,31
85.515,159,33
85.53,159,31
85.545,160,33
85.56,163,28
85.575,162,31
85.59,160,33
85.605,161,29
85.62,159,30
85.635,159,31
85.65,161,30
85.665,159,34
85.68,162,30
85.695,165,31
85.71,162,32
85.725,163,31
85.74,163,30
85.755,163,31
85.77,161,29
85.785,163,23
85.8,163,25
85.815,166,31
85.83,165,34
85.845,164,32
85.86,163,33
85.875,162,33
85.89,164,33
85.905,166,31
85.92,167,30
85.935,169,32
85.95,170,31
85.965,170,30
85.98,169,29
85.995,169,24
86.01,168,25
86.025,166,24
86.04,164,25
86.055,162,26
86.07,164,28
86.085,164,29
86.1,166,27
86.115,167,30
86.13,170,29
86.145,168,33
86.16,169,35
86.175,170,37
86.19,169,35
86.205,172,34
86.22,172,30
86.235,168,33
86.25,168,28
86.265,164,30
86.28,165,29
86.295,166,30
86.31,167,29
86.325,165,29
86.34,164,28
86.355,163,26
86.37,163,26
86.385,162,29
86.4,159,29
86.415,160,26
86.43,159,28
86.445,158,26
86.46,160,25
86.475,163,23
86.49,164,24
86.505,165,25
86.52,167,25
86.535,165,25
86.55,167,24
86.565,167,27
86.58,165,26
86.595,164,25
86.61,167,26
86.625,166,29
86.64,165,30
86.655,164,29
86.67,162,25
86.685,162,27
86.7,163,26
86.715,162,25
86.73,160,27
86.745,158,27
86.76,161,29
86.775,160,30
86.79,158,29
86.805,160,34
86.82,161,33
86.835,160,34
86.85,161,30
86.865,162,30
86.88,163,29
86.895,161,27
86.91,164,28
86.925,166,32
86.94,164,33
86.955,162,36
86.97,162,36
86.985,162,40
87,165,35
87.015,166,35
87.03,165,35
87.045,162,34
87.06,163,35
87.075,163,37
87.09,165,38
87.105,166,32
87.12,165,33
87.135,165,30
87.15,165,31
87.165,164,34
87.18,163,35
87.195,162,31
87.21,161,34
87.225,163,32
87.24,163,32
87.255,162,35
87.27,164,34
87.285,161,37
87.3,160,38
87.315,162,37
87.33,160,37
87.345,159,37
87.36,160,42
87.375,161,40
87.39,163,42
87.405,162,41
87.42,162,38
87.435,164,37
87.45,165,38
87.465,165,38
87.48,165,35
87.495,164,35
87.51,164,36
87.525,167,34
87.54,165,31
87.555,164,30
87.57,164,31
87.585,164,31
87.6,163,34
87.615,160,35
87.63,161,34
87.645,160,32
87.66,161,31
87.675,162,34
87.69,160,35
87.705,161,41
87.72,159,41
87.735,159,39
87.75,159,38
87.765,157,35
87.78,163,35
87.795,164,35
87.81,164,36
87.825,167,36
87.84,167,36
87.855,164,36
87.87,165,36
87.885,164,37
87.9,164,38
87.915,163,37
87.93,165,38
87.945,166,39
87.96,164,39
87.975,161,42
87.99,161,40
88.005,161,41
88.02,162,44
88.035,161,43
88.05,163,39
88.065,163,39
88.08,161,38
88.095,161,44
88.11,161,42
88.125,160,41
88.14,163,42
88.155,161,37
88.17,160,36
88.185,161,32
88.2,164,33
88.215,163,36
88.23,164,34
88.245,164,31
88.26,165,30
88.275,166,29
88.29,165,32
88.305,165,31
88.32,165,35
88.335,166,30
88.35,164,32
88.365,166,36
88.38,164,37
88.395,164,41
88.41,163,41
88.425,160,43
88.44,158,42
88.455,161,41
88.47,164,37
88.485,162,41
88.5,163,43
88.515,159,42
88.53,159,40
88.545,157,38
88.56,156,36
88.575,156,35
88.59,157,36
88.605,158,34
88.62,158,36
88.635,157,43
88.65,159,39
88.665,156,42
88.68,157,43
88.695,157,39
88.71,158,37
88.725,161,40
88.74,160,38
88.755,159,38
88.77,160,41
88.785,160,38
88.8,156,38
88.815,157,39
88.83,159,37
88.845,160,37
88.86,160,35
88.875,161,33
88.89,164,35
88.905,163,33
88.92,162,35
88.935,159,36
88.95,161,33
88.965,161,31
88.98,160,30
88.995,161,33
89.01,160,30
89.025,160,34
89.04,159,29
89.055,159,32
89.07,163,31
89.085,164,32
89.1,164,30
89.115,165,30
89.13,164,26
89.145,165,26
89.16,168,33
89.175,168,33
89.19,170,35
89.205,168,31
89.22,168,28
89.235,168,27
89.25,169,26
89.265,168,28
89.28,163,29
89.295,164,36
89.31,165,39
89.325,164,32
89.34,163,32
89.355,164,32
89.37,164,28
89.385,166,30
89.4,167,30
89.415,168,28
89.43,171,30
89.445,168,28
89.46,169,31
89.475,170,31
89.49,174,29
89.505,172,27
89.52,172,25
89.535,168,21
89.55,169,22
89.565,172,22
89.58,171,25
89.595,171,26
89.61,171,24
89.625,167,21
89.64,167,19
89.655,165,17
89.67,164,17
89.685,166,22
89.7,164,22
89.715,165,28
89.73,164,28
89.745,167,22
89.76,164,27
89.775,161,29
89.79,162,30
89.805,161,26
89.82,159,27
89.835,163,29
89.85,166,31
89.865,167,30
89.88,164,27
89.895,166,29
89.91,164,26
89.925,164,31
89.94,164,29
89.955,165,26
89.97,166,29
89.985,165,29
90,161,32
