TIME(s)	'A,A'	'A,B'	'B,B'	Nloops	nOverlapPartner	nOverlapSystem	nOverlapSpanBox	nDisplace2D	nDisplace3D	nDisplace3Dto2D	nAssocSuccess
0	0	0	0	0	0	0	0	0	0	0	0
0.001	4	2	4	0	0	0	0	0	0	0	10
0.002	6	7	5	1	0	0	0	0	0	0	17
0.003	10	17	15	11	0	0	0	0	0	0	31
0.004	17	21	17	11	0	0	0	0	0	0	44
0.005	20	25	19	13	0	0	0	0	0	0	51
0.006	21	30	24	17	0	0	0	0	0	0	58
0.007	27	43	27	26	0	0	0	0	0	0	71
0.008	32	46	33	31	0	0	0	0	0	0	80
0.009	36	52	35	39	0	0	0	0	0	0	85
0.01	40	61	36	45	0	0	0	0	0	0	93
0.011	46	64	38	52	1	0	0	0	0	0	97
0.012	49	66	41	57	2	0	0	0	0	0	100
0.013	53	69	47	64	2	0	0	0	0	0	106
0.014	54	75	48	67	3	0	0	0	0	0	111
0.015	55	79	49	70	4	0	0	0	0	0	114
0.016	55	79	49	70	4	0	0	0	0	0	114
0.017	59	83	59	81	4	0	0	0	0	0	121
0.018	62	85	62	85	5	0	0	0	0	0	125
0.019	66	88	63	91	8	0	0	0	0	0	127
0.02	66	88	64	91	9	0	0	0	0	0	128
0.021	67	89	65	91	11	0	0	0	0	0	131
0.022	67	90	67	93	14	0	0	0	0	0	132
0.023	67	90	68	93	15	0	0	0	0	0	133
0.024	67	93	72	97	16	0	0	0	0	0	136
0.025	69	96	73	101	19	0	0	0	0	0	138
0.026	72	99	74	106	23	0	0	0	0	0	140
0.027	72	99	74	106	24	0	0	0	0	0	141
0.028	72	103	76	109	25	0	0	0	0	0	144
0.029	72	103	76	109	26	0	0	0	0	0	144
0.03	72	106	77	111	26	0	0	0	0	0	146
0.031	72	106	78	111	26	0	0	0	0	0	147
0.032	76	110	78	117	26	0	0	0	0	0	149
0.033	82	110	79	121	29	0	0	0	0	0	152
0.034	82	111	79	122	30	0	0	0	0	0	153
0.035	83	112	79	124	32	0	0	0	0	0	154
0.036	84	115	79	127	32	0	0	0	0	0	155
0.037	86	116	79	129	33	0	0	0	0	0	156
0.038	86	118	80	132	36	0	0	0	0	0	157
0.039	86	118	80	132	41	1	0	0	0	0	157
0.04	91	123	84	143	43	1	0	0	0	0	160
0.041	92	123	84	143	44	1	0	0	0	0	161
0.042	92	123	84	143	45	1	0	0	0	0	161
0.043	92	123	84	143	46	1	0	0	0	0	161
0.044	93	124	84	144	47	1	0	0	0	0	162
0.045	93	124	83	144	47	1	0	0	0	0	162
0.046	92	127	83	146	51	1	0	0	0	0	163
0.047	93	131	84	151	51	1	0	0	0	0	164
0.048	93	131	84	151	51	1	0	0	0	0	164
0.049	97	131	84	155	53	1	0	0	0	0	165
0.05	97	131	85	155	53	1	0	0	0	0	166
0.051	99	131	85	155	56	1	0	0	0	0	168
0.052	99	131	84	155	57	1	0	0	0	0	168
0.053	99	131	85	155	58	1	0	0	0	0	169
0.054	99	131	85	155	59	1	0	0	0	0	169
0.055	99	131	85	155	59	1	0	0	0	0	169
0.056	99	131	91	159	59	1	0	0	0	0	171
0.057	99	131	91	159	61	1	0	0	0	0	171
0.058	99	131	91	159	63	1	0	0	0	0	171
0.059	99	131	96	162	64	1	0	0	0	0	173
0.06	99	131	96	162	65	1	0	0	0	0	173
0.061	99	131	96	162	67	1	0	0	0	0	173
0.062	99	131	96	162	70	1	0	0	0	0	173
0.063	99	131	96	162	71	1	0	0	0	0	173
0.064	99	131	96	162	71	1	0	0	0	0	173
0.065	99	135	96	165	73	1	0	0	0	0	174
0.066	99	135	96	165	74	1	0	0	0	0	174
0.067	99	135	96	165	75	1	0	0	0	0	174
0.068	100	136	96	166	76	1	0	0	0	0	175
0.069	100	136	96	166	78	1	0	0	0	0	175
0.07	100	136	96	166	80	1	0	0	0	0	175
0.071	101	136	96	166	80	1	0	0	0	0	176
0.072	101	136	96	166	81	1	0	0	0	0	176
0.073	101	136	96	166	83	1	0	0	0	0	176
0.074	102	138	96	168	83	1	0	0	0	0	177
0.075	102	139	96	168	83	1	0	0	0	0	178
0.076	102	141	99	172	88	1	0	0	0	0	179
0.077	102	141	99	172	93	1	0	0	0	0	179
0.078	102	141	99	172	97	1	0	0	0	0	179
0.079	102	141	99	172	97	1	0	0	0	0	179
0.08	102	141	99	172	97	1	0	0	0	0	179
0.081	102	141	99	172	99	1	0	0	0	0	179
0.082	102	141	99	172	99	1	0	0	0	0	179
0.083	102	141	99	172	104	1	0	0	0	0	179
0.084	102	141	99	172	104	1	0	0	0	0	179
0.085	102	141	99	172	104	2	0	0	0	0	179
0.086	102	141	99	172	105	2	0	0	0	0	179
0.087	104	143	99	175	106	2	0	0	0	0	180
0.088	107	145	99	179	107	2	0	0	0	0	181
0.089	107	145	99	179	107	2	0	0	0	0	181
0.09	107	145	99	179	109	2	0	0	0	0	181
0.091	107	145	99	179	110	2	0	0	0	0	181
0.092	107	145	99	179	111	2	0	0	0	0	181
0.093	107	145	99	179	112	2	0	0	0	0	181
0.094	107	145	99	179	113	2	0	0	0	0	181
0.095	107	145	99	179	114	2	0	0	0	0	181
0.096	107	145	99	179	115	2	0	0	0	0	181
0.097	107	145	99	179	117	2	0	0	0	0	181
0.098	110	146	99	182	117	2	0	0	0	0	182
0.099	110	146	99	182	117	2	0	0	0	0	182
0.1	110	146	99	182	117	2	0	0	0	0	182
0.101	110	146	99	182	121	2	0	0	0	0	182
0.102	110	149	106	190	124	2	0	0	0	0	184
0.103	110	149	106	190	125	2	0	0	0	0	184
0.104	110	149	106	190	128	2	0	0	0	0	184
0.105	110	149	106	190	129	2	0	0	0	0	184
0.106	110	149	106	190	129	2	0	0	0	0	184
0.107	115	151	107	197	129	2	0	0	0	0	185
0.108	115	151	107	197	129	2	0	0	0	0	185
0.109	115	151	107	197	130	2	0	0	0	0	185
0.11	115	151	107	197	131	2	0	0	0	0	185
0.111	115	151	107	197	131	2	0	0	0	0	185
0.112	115	151	107	197	133	2	0	0	0	0	185
0.113	115	151	107	197	133	2	0	0	0	0	185
0.114	115	151	107	197	134	2	0	0	0	0	185
0.115	115	151	107	197	136	2	0	0	0	0	185
0.116	115	151	107	197	136	2	0	0	0	0	185
0.117	115	151	107	197	136	2	0	0	0	0	185
0.118	115	151	107	197	136	2	0	0	0	0	185
0.119	115	151	107	197	136	2	0	0	0	0	185
0.12	115	151	107	197	136	2	0	0	0	0	185
0.121	115	151	107	197	138	2	0	0	0	0	185
0.122	115	151	107	197	140	2	0	0	0	0	185
0.123	115	151	107	197	142	2	0	0	0	0	185
0.124	115	151	107	197	143	2	0	0	0	0	185
0.125	115	151	107	197	144	2	0	0	0	0	185
0.126	115	151	107	197	145	2	0	0	0	0	185
0.127	115	151	107	197	145	2	0	0	0	0	185
0.128	115	151	107	197	145	2	0	0	0	0	185
0.129	115	151	107	197	146	2	0	0	0	0	185
0.13	115	151	107	197	146	2	0	0	0	0	185
0.131	115	151	107	197	148	2	0	0	0	0	185
0.132	115	151	107	197	148	2	0	0	0	0	185
0.133	115	151	107	197	148	2	0	0	0	0	185
0.134	115	151	107	197	149	2	0	0	0	0	185
0.135	115	151	107	197	150	2	0	0	0	0	185
0.136	115	151	107	197	151	2	0	0	0	0	185
0.137	115	151	107	197	152	2	0	0	0	0	185
0.138	115	151	107	197	152	2	0	0	0	0	185
0.139	115	151	107	197	153	2	0	0	0	0	185
0.14	115	151	107	197	155	2	0	0	0	0	185
0.141	115	151	107	197	156	2	0	0	0	0	185
0.142	115	151	107	197	157	2	0	0	0	0	185
0.143	115	151	107	197	158	2	0	0	0	0	185
0.144	115	151	107	197	159	2	0	0	0	0	185
0.145	115	151	107	197	159	2	0	0	0	0	185
0.146	115	151	107	197	160	2	0	0	0	0	185
0.147	115	151	107	197	160	2	0	0	0	0	185
0.148	115	151	107	197	161	2	0	0	0	0	185
0.149	115	151	107	197	164	2	0	0	0	0	185
0.15	115	151	107	197	164	2	0	0	0	0	185
0.151	116	154	109	202	167	2	0	0	0	0	186
0.152	116	154	109	202	168	2	0	0	0	0	186
0.153	116	154	109	202	168	2	0	0	0	0	186
0.154	116	154	109	202	168	2	0	0	0	0	186
0.155	116	154	109	202	168	2	0	0	0	0	186
0.156	116	154	109	202	169	2	0	0	0	0	186
0.157	116	154	109	202	170	2	0	0	0	0	186
0.158	116	154	109	202	170	2	0	0	0	0	186
0.159	116	154	109	202	171	2	0	0	0	0	186
0.16	116	154	109	202	171	2	0	0	0	0	186
0.161	116	154	109	202	172	2	0	0	0	0	186
0.162	116	154	109	202	172	2	0	0	0	0	186
0.163	116	154	109	202	173	2	0	0	0	0	186
0.164	116	154	109	202	174	2	0	0	0	0	186
0.165	116	154	109	202	174	2	0	0	0	0	186
0.166	116	154	109	202	174	2	0	0	0	0	186
0.167	116	154	109	202	176	2	0	0	0	0	186
0.168	116	154	109	202	176	2	0	0	0	0	186
0.169	116	154	109	202	177	2	0	0	0	0	186
0.17	116	154	109	202	177	2	0	0	0	0	186
0.171	116	154	109	202	177	2	0	0	0	0	186
0.172	116	154	109	202	178	2	0	0	0	0	186
0.173	116	154	109	202	179	2	0	0	0	0	186
0.174	116	154	109	202	179	2	0	0	0	0	186
0.175	116	154	109	202	180	2	0	0	0	0	186
0.176	116	154	109	202	180	2	0	0	0	0	186
0.177	116	154	109	202	181	2	0	0	0	0	186
0.178	116	154	109	202	182	2	0	0	0	0	186
0.179	116	154	109	202	182	2	0	0	0	0	186
0.18	116	154	109	202	183	2	0	0	0	0	186
0.181	116	154	109	202	185	2	0	0	0	0	186
0.182	116	154	109	202	188	2	0	0	0	0	186
0.183	116	154	109	202	192	2	0	0	0	0	186
0.184	116	154	109	202	193	2	0	0	0	0	186
0.185	116	154	109	202	195	2	0	0	0	0	186
0.186	116	154	109	202	198	2	0	0	0	0	186
0.187	116	154	109	202	199	2	0	0	0	0	186
0.188	116	154	109	202	199	2	0	0	0	0	186
0.189	116	154	109	202	199	2	0	0	0	0	186
0.19	116	154	109	202	201	2	0	0	0	0	186
0.191	116	154	109	202	204	2	0	0	0	0	186
0.192	116	154	109	202	204	2	0	0	0	0	186
0.193	116	154	109	202	206	2	0	0	0	0	186
0.194	116	154	109	202	207	2	0	0	0	0	186
0.195	116	154	109	202	207	2	0	0	0	0	186
0.196	116	154	109	202	208	2	0	0	0	0	186
0.197	116	154	109	202	210	2	0	0	0	0	186
0.198	116	154	109	202	211	2	0	0	0	0	186
0.199	116	154	109	202	212	2	0	0	0	0	186
0.2	116	154	109	202	216	2	0	0	0	0	186
0.201	116	154	109	202	216	2	0	0	0	0	186
0.202	116	154	109	202	218	2	0	0	0	0	186
0.203	116	154	109	202	218	2	0	0	0	0	186
0.204	116	154	109	202	218	2	0	0	0	0	186
0.205	116	154	109	202	219	2	0	0	0	0	186
0.206	116	154	109	202	221	2	0	0	0	0	186
0.207	116	154	109	202	223	2	0	0	0	0	186
0.208	116	154	109	202	226	2	0	0	0	0	186
0.209	116	154	109	202	227	2	0	0	0	0	186
0.21	116	154	109	202	228	2	0	0	0	0	186
0.211	116	154	109	202	229	2	0	0	0	0	186
0.212	116	154	109	202	230	2	0	0	0	0	186
0.213	116	154	109	202	230	2	0	0	0	0	186
0.214	116	154	109	202	231	2	0	0	0	0	186
0.215	116	154	109	202	231	2	0	0	0	0	186
0.216	116	154	109	202	231	2	0	0	0	0	186
0.217	116	154	109	202	236	2	0	0	0	0	186
0.218	116	154	109	202	238	2	0	0	0	0	186
0.219	116	154	109	202	242	2	0	0	0	0	186
0.22	116	154	109	202	245	2	0	0	0	0	186
0.221	116	154	109	202	248	2	0	0	0	0	186
0.222	116	154	109	202	252	2	0	0	0	0	186
0.223	116	154	109	202	252	2	0	0	0	0	186
0.224	116	154	109	202	253	2	0	0	0	0	186
0.225	116	154	109	202	253	2	0	0	0	0	186
0.226	116	154	109	202	253	2	0	0	0	0	186
0.227	116	154	109	202	253	2	0	0	0	0	186
0.228	116	154	109	202	253	2	0	0	0	0	186
0.229	116	154	109	202	253	2	0	0	0	0	186
0.23	116	154	109	202	256	2	0	0	0	0	186
0.231	116	154	109	202	258	2	0	0	0	0	186
0.232	116	154	109	202	258	2	0	0	0	0	186
0.233	116	154	109	202	258	2	0	0	0	0	186
0.234	116	154	109	202	260	2	0	0	0	0	186
0.235	116	154	109	202	260	2	0	0	0	0	186
0.236	116	154	109	202	260	2	0	0	0	0	186
0.237	116	154	109	202	260	2	0	0	0	0	186
0.238	116	154	109	202	260	2	0	0	0	0	186
0.239	116	154	109	202	260	2	0	0	0	0	186
0.24	116	154	109	202	262	2	0	0	0	0	186
0.241	116	154	109	202	262	2	0	0	0	0	186
0.242	116	154	109	202	263	2	0	0	0	0	186
0.243	116	154	109	202	264	2	0	0	0	0	186
0.244	116	154	109	202	269	2	0	0	0	0	186
0.245	116	154	109	202	269	2	0	0	0	0	186
0.246	116	154	109	202	269	2	0	0	0	0	186
0.247	116	154	109	202	270	2	0	0	0	0	186
0.248	116	154	109	202	270	2	0	0	0	0	186
0.249	116	154	109	202	271	2	0	0	0	0	186
0.25	116	154	109	202	271	2	0	0	0	0	186
0.251	116	154	109	202	271	2	0	0	0	0	186
0.252	116	154	109	202	271	2	0	0	0	0	186
0.253	116	154	109	202	274	2	0	0	0	0	186
0.254	116	154	109	202	274	2	0	0	0	0	186
0.255	116	154	109	202	278	2	0	0	0	0	186
0.256	116	154	109	202	280	2	0	0	0	0	186
0.257	116	154	109	202	280	2	0	0	0	0	186
0.258	116	154	109	202	280	2	0	0	0	0	186
0.259	116	154	109	202	280	2	0	0	0	0	186
0.26	116	154	109	202	280	2	0	0	0	0	186
0.261	116	154	109	202	280	2	0	0	0	0	186
0.262	116	154	109	202	280	2	0	0	0	0	186
0.263	116	154	109	202	281	2	0	0	0	0	186
0.264	116	154	109	202	282	2	0	0	0	0	186
0.265	116	154	109	202	286	2	0	0	0	0	186
0.266	116	154	109	202	289	2	0	0	0	0	186
0.267	116	154	109	202	290	2	0	0	0	0	186
0.268	116	154	109	202	291	2	0	0	0	0	186
0.269	116	154	109	202	293	2	0	0	0	0	186
0.27	116	154	109	202	295	2	0	0	0	0	186
0.271	116	154	109	202	297	2	0	0	0	0	186
0.272	116	154	109	202	297	2	0	0	0	0	186
0.273	116	154	109	202	298	2	0	0	0	0	186
0.274	116	154	109	202	299	2	0	0	0	0	186
0.275	116	154	109	202	299	2	0	0	0	0	186
0.276	116	154	109	202	300	2	0	0	0	0	186
0.277	116	154	109	202	300	2	0	0	0	0	186
0.278	116	154	109	202	300	2	0	0	0	0	186
0.279	116	154	109	202	300	2	0	0	0	0	186
0.28	116	154	109	202	300	2	0	0	0	0	186
0.281	116	154	109	202	301	2	0	0	0	0	186
0.282	116	154	109	202	303	2	0	0	0	0	186
0.283	116	154	109	202	305	2	0	0	0	0	186
0.284	116	154	109	202	309	2	0	0	0	0	186
0.285	116	154	109	202	309	2	0	0	0	0	186
0.286	116	154	109	202	309	2	0	0	0	0	186
0.287	116	154	109	202	310	2	0	0	0	0	186
0.288	116	154	109	202	311	2	0	0	0	0	186
0.289	116	154	109	202	313	2	0	0	0	0	186
0.29	116	154	109	202	313	2	0	0	0	0	186
0.291	116	154	109	202	313	2	0	0	0	0	186
0.292	116	154	109	202	313	2	0	0	0	0	186
0.293	116	154	109	202	317	2	0	0	0	0	186
0.294	116	154	109	202	320	2	0	0	0	0	186
0.295	116	154	109	202	320	2	0	0	0	0	186
0.296	116	154	109	202	321	2	0	0	0	0	186
0.297	116	154	109	202	323	2	0	0	0	0	186
0.298	116	154	109	202	324	2	0	0	0	0	186
0.299	116	154	109	202	325	2	0	0	0	0	186
0.3	116	154	109	202	326	2	0	0	0	0	186
0.301	116	154	109	202	326	2	0	0	0	0	186
0.302	116	154	109	202	328	2	0	0	0	0	186
0.303	116	154	109	202	328	2	0	0	0	0	186
0.304	116	154	109	202	330	2	0	0	0	0	186
0.305	116	154	109	202	333	2	0	0	0	0	186
0.306	116	154	109	202	335	2	0	0	0	0	186
0.307	116	154	109	202	336	2	0	0	0	0	186
0.308	116	154	109	202	336	2	0	0	0	0	186
0.309	116	154	109	202	337	2	0	0	0	0	186
0.31	116	154	109	202	337	2	0	0	0	0	186
0.311	116	154	109	202	337	2	0	0	0	0	186
0.312	116	154	109	202	339	2	0	0	0	0	186
0.313	116	154	109	202	340	2	0	0	0	0	186
0.314	116	154	109	202	341	2	0	0	0	0	186
0.315	116	154	109	202	341	2	0	0	0	0	186
0.316	116	154	109	202	341	2	0	0	0	0	186
0.317	116	154	109	202	342	2	0	0	0	0	186
0.318	116	154	109	202	342	2	0	0	0	0	186
0.319	116	154	109	202	342	2	0	0	0	0	186
0.32	116	154	109	202	342	2	0	0	0	0	186
0.321	116	154	109	202	342	2	0	0	0	0	186
0.322	116	154	109	202	342	2	0	0	0	0	186
0.323	116	154	109	202	342	2	0	0	0	0	186
0.324	116	154	109	202	343	2	0	0	0	0	186
0.325	116	154	109	202	346	2	0	0	0	0	186
0.326	116	154	109	202	347	2	0	0	0	0	186
0.327	116	154	109	202	348	2	0	0	0	0	186
0.328	116	154	109	202	350	2	0	0	0	0	186
0.329	116	154	109	202	351	2	0	0	0	0	186
0.33	116	154	109	202	352	2	0	0	0	0	186
0.331	116	154	109	202	354	2	0	0	0	0	186
0.332	116	154	109	202	355	2	0	0	0	0	186
0.333	116	154	109	202	356	2	0	0	0	0	186
0.334	116	154	109	202	357	2	0	0	0	0	186
0.335	116	154	109	202	358	2	0	0	0	0	186
0.336	116	154	109	202	358	2	0	0	0	0	186
0.337	116	154	109	202	358	2	0	0	0	0	186
0.338	116	154	109	202	358	2	0	0	0	0	186
0.339	116	154	109	202	359	2	0	0	0	0	186
0.34	116	154	109	202	359	2	0	0	0	0	186
0.341	116	154	109	202	360	2	0	0	0	0	186
0.342	116	154	109	202	360	2	0	0	0	0	186
0.343	116	154	109	202	361	2	0	0	0	0	186
0.344	116	154	109	202	361	2	0	0	0	0	186
0.345	116	154	109	202	361	2	0	0	0	0	186
0.346	116	154	109	202	363	2	0	0	0	0	186
0.347	116	154	109	202	364	2	0	0	0	0	186
0.348	116	154	109	202	365	2	0	0	0	0	186
0.349	115	154	109	202	366	2	0	0	0	0	186
0.35	115	154	109	202	366	2	0	0	0	0	186
0.351	115	154	109	202	366	2	0	0	0	0	186
0.352	115	154	109	202	367	2	0	0	0	0	186
0.353	115	154	109	202	368	2	0	0	0	0	186
0.354	115	154	109	202	368	2	0	0	0	0	186
0.355	115	154	109	202	368	2	0	0	0	0	186
0.356	115	154	109	202	368	2	0	0	0	0	186
0.357	115	154	109	202	371	2	0	0	0	0	186
0.358	115	154	109	202	373	2	0	0	0	0	186
0.359	115	154	109	202	373	2	0	0	0	0	186
0.36	115	154	109	202	374	2	0	0	0	0	186
0.361	115	154	109	202	374	2	0	0	0	0	186
0.362	115	154	109	202	374	2	0	0	0	0	186
0.363	115	154	109	202	377	2	0	0	0	0	186
0.364	116	157	109	205	377	2	0	0	0	0	187
0.365	116	157	109	205	378	2	0	0	0	0	187
0.366	116	157	109	205	379	2	0	0	0	0	187
0.367	116	157	109	205	380	2	0	0	0	0	187
0.368	116	157	109	205	380	2	0	0	0	0	187
0.369	116	157	109	205	381	2	0	0	0	0	187
0.37	116	157	109	205	381	2	0	0	0	0	187
0.371	116	157	109	205	381	2	0	0	0	0	187
0.372	116	157	109	205	384	2	0	0	0	0	187
0.373	116	157	109	205	385	2	0	0	0	0	187
0.374	116	157	109	205	385	2	0	0	0	0	187
0.375	116	157	109	205	385	2	0	0	0	0	187
0.376	116	157	109	205	386	2	0	0	0	0	187
0.377	116	157	109	205	388	2	0	0	0	0	187
0.378	116	157	109	205	388	2	0	0	0	0	187
0.379	116	157	109	205	389	2	0	0	0	0	187
0.38	116	157	109	205	389	2	0	0	0	0	187
0.381	116	157	109	205	389	2	0	0	0	0	187
0.382	116	157	109	205	389	2	0	0	0	0	187
0.383	116	157	109	205	390	2	0	0	0	0	187
0.384	116	157	109	205	390	2	0	0	0	0	187
0.385	116	157	109	205	393	2	0	0	0	0	187
0.386	116	157	109	205	394	2	0	0	0	0	187
0.387	116	157	109	205	395	2	0	0	0	0	187
0.388	116	157	109	205	395	2	0	0	0	0	187
0.389	116	157	109	205	399	2	0	0	0	0	187
0.39	116	157	109	205	399	2	0	0	0	0	187
0.391	116	157	109	205	399	2	0	0	0	0	187
0.392	116	157	109	205	400	2	0	0	0	0	187
0.393	116	157	109	205	401	2	0	0	0	0	187
0.394	116	157	109	205	401	2	0	0	0	0	187
0.395	116	157	109	205	401	2	0	0	0	0	187
0.396	116	157	109	205	403	2	0	0	0	0	187
0.397	116	157	109	205	403	2	0	0	0	0	187
0.398	116	157	109	205	403	2	0	0	0	0	187
0.399	116	157	109	205	403	2	0	0	0	0	187
0.4	116	157	109	205	407	2	0	0	0	0	187
0.401	116	157	109	205	407	2	0	0	0	0	187
0.402	116	157	109	205	407	2	0	0	0	0	187
0.403	116	157	109	205	408	2	0	0	0	0	187
0.404	116	157	109	205	408	2	0	0	0	0	187
0.405	116	157	109	205	409	2	0	0	0	0	187
0.406	116	157	109	205	409	2	0	0	0	0	187
0.407	116	157	109	205	410	2	0	0	0	0	187
0.408	116	157	109	205	410	2	0	0	0	0	187
0.409	116	157	109	205	413	2	0	0	0	0	187
0.41	116	157	109	205	414	2	0	0	0	0	187
0.411	116	157	109	205	414	2	0	0	0	0	187
0.412	116	157	109	205	416	2	0	0	0	0	187
0.413	116	157	109	205	417	2	0	0	0	0	187
0.414	116	157	109	205	417	2	0	0	0	0	187
0.415	116	157	109	205	418	2	0	0	0	0	187
0.416	116	157	109	205	418	2	0	0	0	0	187
0.417	116	157	109	205	418	2	0	0	0	0	187
0.418	116	157	109	205	419	2	0	0	0	0	187
0.419	116	157	109	205	419	2	0	0	0	0	187
0.42	116	157	109	205	420	2	0	0	0	0	187
0.421	116	157	109	205	422	2	0	0	0	0	187
0.422	116	157	109	205	423	2	0	0	0	0	187
0.423	116	157	109	205	425	2	0	0	0	0	187
0.424	116	157	109	205	426	2	0	0	0	0	187
0.425	116	157	109	205	426	2	0	0	0	0	187
0.426	116	157	109	205	426	2	0	0	0	0	187
0.427	116	157	109	205	426	2	0	0	0	0	187
0.428	116	157	109	205	426	2	0	0	0	0	187
0.429	116	157	109	205	426	2	0	0	0	0	187
0.43	116	157	109	205	426	2	0	0	0	0	187
0.431	118	160	110	210	426	2	0	0	0	0	188
0.432	118	160	110	210	426	2	0	0	0	0	188
0.433	118	160	110	210	426	2	0	0	0	0	188
0.434	118	160	110	210	426	2	0	0	0	0	188
0.435	118	160	110	210	426	2	0	0	0	0	188
0.436	118	160	110	210	427	2	0	0	0	0	188
0.437	118	160	110	210	428	2	0	0	0	0	188
0.438	118	160	110	210	428	2	0	0	0	0	188
0.439	118	160	110	210	428	2	0	0	0	0	188
0.44	118	160	110	210	428	2	0	0	0	0	188
0.441	118	160	110	210	428	2	0	0	0	0	188
0.442	118	160	110	210	428	2	0	0	0	0	188
0.443	118	160	110	210	429	2	0	0	0	0	188
0.444	118	160	110	210	430	2	0	0	0	0	188
0.445	118	160	110	210	430	2	0	0	0	0	188
0.446	118	160	110	210	431	2	0	0	0	0	188
0.447	118	160	110	210	431	2	0	0	0	0	188
0.448	118	160	110	210	431	2	0	0	0	0	188
0.449	118	160	110	210	431	2	0	0	0	0	188
0.45	118	160	110	210	432	2	0	0	0	0	188
0.451	118	160	110	210	434	2	0	0	0	0	188
0.452	118	160	110	210	435	2	0	0	0	0	188
0.453	118	160	110	210	437	2	0	0	0	0	188
0.454	118	160	110	210	438	2	0	0	0	0	188
0.455	118	160	110	210	440	2	0	0	0	0	188
0.456	118	160	110	210	441	2	0	0	0	0	188
0.457	118	160	110	210	441	2	0	0	0	0	188
0.458	118	160	110	210	442	2	0	0	0	0	188
0.459	118	160	110	210	443	2	0	0	0	0	188
0.46	118	160	110	210	443	2	0	0	0	0	188
0.461	118	160	110	210	443	2	0	0	0	0	188
0.462	118	160	110	210	445	2	0	0	0	0	188
0.463	118	160	110	210	445	2	0	0	0	0	188
0.464	118	160	110	210	446	2	0	0	0	0	188
0.465	118	160	110	210	446	2	0	0	0	0	188
0.466	118	160	110	210	446	2	0	0	0	0	188
0.467	118	160	110	210	446	2	0	0	0	0	188
0.468	118	160	110	210	447	2	0	0	0	0	188
0.469	118	160	110	210	447	2	0	0	0	0	188
0.47	118	160	110	210	447	2	0	0	0	0	188
0.471	118	160	110	210	447	2	0	0	0	0	188
0.472	118	160	110	210	447	2	0	0	0	0	188
0.473	118	160	110	210	448	2	0	0	0	0	188
0.474	118	160	110	210	448	2	0	0	0	0	188
0.475	118	160	110	210	448	2	0	0	0	0	188
0.476	118	160	110	210	449	2	0	0	0	0	188
0.477	118	160	110	210	449	2	0	0	0	0	188
0.478	118	160	110	210	450	2	0	0	0	0	188
0.479	118	160	110	210	454	2	0	0	0	0	188
0.48	118	160	110	210	455	2	0	0	0	0	188
0.481	118	160	110	210	456	2	0	0	0	0	188
0.482	118	160	110	210	456	2	0	0	0	0	188
0.483	118	160	110	210	457	2	0	0	0	0	188
0.484	118	160	110	210	459	2	0	0	0	0	188
0.485	118	160	110	210	459	2	0	0	0	0	188
0.486	118	160	110	210	459	2	0	0	0	0	188
0.487	118	160	110	210	460	2	0	0	0	0	188
0.488	118	160	110	210	461	2	0	0	0	0	188
0.489	118	160	110	210	464	2	0	0	0	0	188
0.49	118	160	110	210	466	2	0	0	0	0	188
0.491	118	160	110	210	467	2	0	0	0	0	188
0.492	118	160	110	210	467	2	0	0	0	0	188
0.493	118	160	110	210	468	2	0	0	0	0	188
0.494	118	160	110	210	468	2	0	0	0	0	188
0.495	118	160	110	210	468	2	0	0	0	0	188
0.496	118	160	110	210	468	2	0	0	0	0	188
0.497	118	160	110	210	468	2	0	0	0	0	188
0.498	118	160	110	210	468	2	0	0	0	0	188
0.499	118	160	110	210	471	2	0	0	0	0	188
0.5	118	160	110	210	471	2	0	0	0	0	188
0.501	118	160	110	210	471	2	0	0	0	0	188
0.502	118	160	110	210	472	2	0	0	0	0	188
0.503	118	160	110	210	473	2	0	0	0	0	188
0.504	118	160	110	210	473	2	0	0	0	0	188
0.505	118	160	110	210	475	2	0	0	0	0	188
0.506	118	160	110	210	476	2	0	0	0	0	188
0.507	118	160	110	210	476	2	0	0	0	0	188
0.508	118	160	110	210	478	2	0	0	0	0	188
0.509	118	160	110	210	479	2	0	0	0	0	188
0.51	118	160	110	210	479	2	0	0	0	0	188
0.511	118	160	110	210	480	2	0	0	0	0	188
0.512	118	160	110	210	480	2	0	0	0	0	188
0.513	118	160	110	210	480	2	0	0	0	0	188
0.514	118	160	110	210	482	2	0	0	0	0	188
0.515	118	160	110	210	482	2	0	0	0	0	188
0.516	118	160	110	210	483	2	0	0	0	0	188
0.517	118	160	110	210	485	2	0	0	0	0	188
0.518	118	160	110	210	487	2	0	0	0	0	188
0.519	118	160	110	210	487	2	0	0	0	0	188
0.52	118	160	110	210	487	2	0	0	0	0	188
0.521	118	160	110	210	489	2	0	0	0	0	188
0.522	118	160	110	210	490	2	0	0	0	0	188
0.523	118	160	110	210	493	2	0	0	0	0	188
0.524	118	160	110	210	494	2	0	0	0	0	188
0.525	118	160	110	210	494	2	0	0	0	0	188
0.526	118	160	110	210	495	2	0	0	0	0	188
0.527	118	160	110	210	495	2	0	0	0	0	188
0.528	118	160	110	210	496	2	0	0	0	0	188
0.529	118	160	110	210	497	2	0	0	0	0	188
0.53	118	160	110	210	497	2	0	0	0	0	188
0.531	118	160	110	210	497	2	0	0	0	0	188
0.532	118	160	110	210	499	2	0	0	0	0	188
0.533	118	160	110	210	499	2	0	0	0	0	188
0.534	118	160	110	210	499	2	0	0	0	0	188
0.535	118	160	110	210	499	2	0	0	0	0	188
0.536	118	160	110	210	500	2	0	0	0	0	188
0.537	118	160	110	210	503	2	0	0	0	0	188
0.538	118	160	110	210	504	2	0	0	0	0	188
0.539	118	160	110	210	506	2	0	0	0	0	188
0.54	118	160	110	210	506	2	0	0	0	0	188
0.541	118	160	110	210	506	2	0	0	0	0	188
0.542	118	160	110	210	506	2	0	0	0	0	188
0.543	118	160	110	210	506	2	0	0	0	0	188
0.544	118	160	110	210	508	2	0	0	0	0	188
0.545	118	160	110	210	509	2	0	0	0	0	188
0.546	118	160	110	210	513	2	0	0	0	0	188
0.547	118	160	110	210	513	2	0	0	0	0	188
0.548	118	160	110	210	515	2	0	0	0	0	188
0.549	118	160	110	210	516	2	0	0	0	0	188
0.55	118	160	110	210	516	2	0	0	0	0	188
0.551	118	160	110	210	516	2	0	0	0	0	188
0.552	118	160	110	210	516	2	0	0	0	0	188
0.553	118	160	110	210	516	2	0	0	0	0	188
0.554	118	160	110	210	516	2	0	0	0	0	188
0.555	118	160	110	210	517	2	0	0	0	0	188
0.556	118	160	110	210	518	2	0	0	0	0	188
0.557	118	160	110	210	519	2	0	0	0	0	188
0.558	118	160	110	210	519	2	0	0	0	0	188
0.559	118	160	110	210	521	2	0	0	0	0	188
0.56	118	160	110	210	522	2	0	0	0	0	188
0.561	118	160	110	210	522	2	0	0	0	0	188
0.562	118	160	110	210	522	2	0	0	0	0	188
0.563	118	160	110	210	522	2	0	0	0	0	188
0.564	118	160	110	210	522	2	0	0	0	0	188
0.565	118	160	110	210	523	2	0	0	0	0	188
0.566	118	160	110	210	524	2	0	0	0	0	188
0.567	118	160	110	210	524	2	0	0	0	0	188
0.568	118	160	110	210	524	2	0	0	0	0	188
0.569	118	160	110	210	525	2	0	0	0	0	188
0.57	118	160	110	210	526	2	0	0	0	0	188
0.571	118	160	110	210	527	2	0	0	0	0	188
0.572	118	160	110	210	530	2	0	0	0	0	188
0.573	118	160	110	210	530	2	0	0	0	0	188
0.574	118	160	110	210	530	2	0	0	0	0	188
0.575	118	160	110	210	530	2	0	0	0	0	188
0.576	118	160	110	210	533	2	0	0	0	0	188
0.577	118	160	110	210	534	2	0	0	0	0	188
0.578	118	160	110	210	534	2	0	0	0	0	188
0.579	118	160	110	210	535	2	0	0	0	0	188
0.58	118	160	110	210	535	2	0	0	0	0	188
0.581	118	160	110	210	535	2	0	0	0	0	188
0.582	118	160	110	210	536	2	0	0	0	0	188
0.583	118	160	110	210	538	2	0	0	0	0	188
0.584	118	160	110	210	539	2	0	0	0	0	188
0.585	118	160	110	210	539	2	0	0	0	0	188
0.586	118	160	110	210	540	2	0	0	0	0	188
0.587	118	160	110	210	541	2	0	0	0	0	188
0.588	118	160	110	210	542	2	0	0	0	0	188
0.589	118	160	110	210	542	2	0	0	0	0	188
0.59	118	160	110	210	542	2	0	0	0	0	188
0.591	118	160	110	210	543	2	0	0	0	0	188
0.592	118	160	110	210	543	2	0	0	0	0	188
0.593	118	160	110	210	543	2	0	0	0	0	188
0.594	118	160	110	210	546	2	0	0	0	0	188
0.595	118	160	110	210	546	2	0	0	0	0	188
0.596	118	160	110	210	546	2	0	0	0	0	188
0.597	118	160	110	210	547	2	0	0	0	0	188
0.598	118	160	110	210	547	2	0	0	0	0	188
0.599	118	160	110	210	547	2	0	0	0	0	188
0.6	118	160	110	210	548	2	0	0	0	0	188
0.601	118	160	110	210	549	2	0	0	0	0	188
0.602	118	160	110	210	549	2	0	0	0	0	188
0.603	118	160	110	210	549	2	0	0	0	0	188
0.604	118	160	110	210	549	2	0	0	0	0	188
0.605	118	160	110	210	550	2	0	0	0	0	188
0.606	118	160	110	210	550	2	0	0	0	0	188
0.607	118	160	110	210	551	2	0	0	0	0	188
0.608	118	160	110	210	552	2	0	0	0	0	188
0.609	118	160	110	210	552	2	0	0	0	0	188
0.61	118	160	110	210	552	2	0	0	0	0	188
0.611	118	160	110	210	552	2	0	0	0	0	188
0.612	118	160	110	210	553	2	0	0	0	0	188
0.613	118	160	110	210	556	2	0	0	0	0	188
0.614	118	160	110	210	556	2	0	0	0	0	188
0.615	118	160	110	210	556	2	0	0	0	0	188
0.616	118	160	110	210	557	2	0	0	0	0	188
0.617	118	160	110	210	558	2	0	0	0	0	188
0.618	118	160	110	210	559	2	0	0	0	0	188
0.619	118	160	110	210	561	2	0	0	0	0	188
0.62	118	160	110	210	561	2	0	0	0	0	188
0.621	118	160	110	210	562	2	0	0	0	0	188
0.622	118	160	110	210	562	2	0	0	0	0	188
0.623	118	160	110	210	564	2	0	0	0	0	188
0.624	118	160	110	210	564	2	0	0	0	0	188
0.625	118	160	110	210	565	2	0	0	0	0	188
0.626	118	160	110	210	566	2	0	0	0	0	188
0.627	118	160	110	210	566	2	0	0	0	0	188
0.628	118	160	110	210	566	2	0	0	0	0	188
0.629	118	160	110	210	567	2	0	0	0	0	188
0.63	118	160	110	210	567	2	0	0	0	0	188
0.631	118	160	110	210	567	2	0	0	0	0	188
0.632	118	160	110	210	567	2	0	0	0	0	188
0.633	118	160	110	210	567	2	0	0	0	0	188
0.634	118	160	110	210	568	2	0	0	0	0	188
0.635	118	160	110	210	568	2	0	0	0	0	188
0.636	118	160	110	210	571	2	0	0	0	0	188
0.637	118	160	110	210	571	2	0	0	0	0	188
0.638	118	160	110	210	572	2	0	0	0	0	188
0.639	118	160	110	210	574	2	0	0	0	0	188
0.64	118	160	110	210	574	2	0	0	0	0	188
0.641	118	160	110	210	575	2	0	0	0	0	188
0.642	118	160	110	210	575	2	0	0	0	0	188
0.643	118	160	110	210	575	2	0	0	0	0	188
0.644	118	160	110	210	575	2	0	0	0	0	188
0.645	118	160	110	210	575	2	0	0	0	0	188
0.646	118	160	110	210	576	2	0	0	0	0	188
0.647	118	160	110	210	576	2	0	0	0	0	188
0.648	118	160	110	210	578	2	0	0	0	0	188
0.649	118	160	110	210	578	2	0	0	0	0	188
0.65	118	160	110	210	579	2	0	0	0	0	188
0.651	118	160	110	210	579	2	0	0	0	0	188
0.652	118	160	110	210	580	2	0	0	0	0	188
0.653	118	160	110	210	580	2	0	0	0	0	188
0.654	118	160	110	210	580	2	0	0	0	0	188
0.655	118	160	110	210	580	2	0	0	0	0	188
0.656	118	160	110	210	581	2	0	0	0	0	188
0.657	118	160	110	210	581	2	0	0	0	0	188
0.658	118	160	110	210	581	2	0	0	0	0	188
0.659	118	160	110	210	583	2	0	0	0	0	188
0.66	118	160	110	210	583	2	0	0	0	0	188
0.661	118	160	110	210	584	2	0	0	0	0	188
0.662	118	160	110	210	585	2	0	0	0	0	188
0.663	118	160	110	210	585	2	0	0	0	0	188
0.664	118	160	110	210	585	2	0	0	0	0	188
0.665	118	160	110	210	585	2	0	0	0	0	188
0.666	118	160	110	210	585	2	0	0	0	0	188
0.667	118	160	110	210	586	2	0	0	0	0	188
0.668	118	160	110	210	586	2	0	0	0	0	188
0.669	118	160	110	210	587	2	0	0	0	0	188
0.67	118	160	110	210	588	2	0	0	0	0	188
0.671	118	160	110	210	590	2	0	0	0	0	188
0.672	118	160	110	210	591	2	0	0	0	0	188
0.673	118	160	110	210	592	2	0	0	0	0	188
0.674	118	160	110	210	594	2	0	0	0	0	188
0.675	118	160	110	210	595	2	0	0	0	0	188
0.676	118	160	110	210	596	2	0	0	0	0	188
0.677	118	160	110	210	596	2	0	0	0	0	188
0.678	118	160	110	210	596	2	0	0	0	0	188
0.679	118	160	110	210	597	2	0	0	0	0	188
0.68	118	160	110	210	597	2	0	0	0	0	188
0.681	118	160	110	210	598	2	0	0	0	0	188
0.682	118	160	110	210	598	2	0	0	0	0	188
0.683	118	160	110	210	598	2	0	0	0	0	188
0.684	118	160	110	210	600	2	0	0	0	0	188
0.685	118	160	110	210	601	2	0	0	0	0	188
0.686	118	160	110	210	601	2	0	0	0	0	188
0.687	118	160	110	210	601	2	0	0	0	0	188
0.688	118	160	110	210	601	2	0	0	0	0	188
0.689	118	160	110	210	603	2	0	0	0	0	188
0.69	118	160	110	210	603	2	0	0	0	0	188
0.691	118	160	110	210	603	2	0	0	0	0	188
0.692	118	160	110	210	606	2	0	0	0	0	188
0.693	118	160	110	210	606	2	0	0	0	0	188
0.694	118	160	110	210	606	2	0	0	0	0	188
0.695	118	160	110	210	607	2	0	0	0	0	188
0.696	118	160	110	210	607	2	0	0	0	0	188
0.697	118	160	110	210	608	2	0	0	0	0	188
0.698	118	160	110	210	610	2	0	0	0	0	188
0.699	118	160	110	210	610	2	0	0	0	0	188
0.7	118	160	110	210	611	2	0	0	0	0	188
0.701	118	160	110	210	611	2	0	0	0	0	188
0.702	118	160	110	210	611	2	0	0	0	0	188
0.703	118	160	110	210	611	2	0	0	0	0	188
0.704	118	160	110	210	611	2	0	0	0	0	188
0.705	118	160	110	210	612	2	0	0	0	0	188
0.706	118	160	110	210	612	2	0	0	0	0	188
0.707	118	160	110	210	613	2	0	0	0	0	188
0.708	118	160	110	210	614	2	0	0	0	0	188
0.709	118	160	110	210	614	2	0	0	0	0	188
0.71	118	160	110	210	615	2	0	0	0	0	188
0.711	118	160	110	210	618	2	0	0	0	0	188
0.712	118	160	110	210	620	2	0	0	0	0	188
0.713	118	160	110	210	620	2	0	0	0	0	188
0.714	118	160	110	210	621	2	0	0	0	0	188
0.715	118	160	110	210	622	2	0	0	0	0	188
0.716	118	160	110	210	622	2	0	0	0	0	188
0.717	118	160	110	210	622	2	0	0	0	0	188
0.718	118	160	110	210	622	2	0	0	0	0	188
0.719	118	160	110	210	623	2	0	0	0	0	188
0.72	118	160	110	210	623	2	0	0	0	0	188
0.721	118	160	110	210	624	2	0	0	0	0	188
0.722	118	160	110	210	626	2	0	0	0	0	188
0.723	118	160	109	210	626	2	0	0	0	0	188
0.724	118	160	109	210	627	2	0	0	0	0	188
0.725	118	160	109	210	627	2	0	0	0	0	188
0.726	118	160	109	210	628	2	0	0	0	0	188
0.727	118	160	109	210	628	2	0	0	0	0	188
0.728	118	160	109	210	628	2	0	0	0	0	188
0.729	118	160	109	210	628	2	0	0	0	0	188
0.73	118	160	109	210	628	2	0	0	0	0	188
0.731	118	160	109	210	629	2	0	0	0	0	188
0.732	118	160	109	210	629	2	0	0	0	0	188
0.733	118	160	109	210	629	2	0	0	0	0	188
0.734	118	160	109	210	630	2	0	0	0	0	188
0.735	118	160	109	210	630	2	0	0	0	0	188
0.736	118	160	109	210	631	2	0	0	0	0	188
0.737	118	160	109	210	631	2	0	0	0	0	188
0.738	118	160	109	210	631	2	0	0	0	0	188
0.739	118	160	109	210	631	2	0	0	0	0	188
0.74	118	160	109	210	632	2	0	0	0	0	188
0.741	118	160	109	210	632	2	0	0	0	0	188
0.742	118	160	109	210	633	2	0	0	0	0	188
0.743	118	160	109	210	633	2	0	0	0	0	188
0.744	118	160	109	210	636	2	0	0	0	0	188
0.745	118	160	109	210	639	2	0	0	0	0	188
0.746	118	160	109	210	640	2	0	0	0	0	188
0.747	118	160	109	210	641	2	0	0	0	0	188
0.748	118	160	109	210	641	2	0	0	0	0	188
0.749	118	160	109	210	642	2	0	0	0	0	188
0.75	118	160	109	210	642	2	0	0	0	0	188
0.751	118	160	109	210	643	2	0	0	0	0	188
0.752	118	160	109	210	643	2	0	0	0	0	188
0.753	118	160	109	210	643	2	0	0	0	0	188
0.754	118	160	109	210	644	2	0	0	0	0	188
0.755	118	160	109	210	645	2	0	0	0	0	188
0.756	118	160	109	210	646	2	0	0	0	0	188
0.757	118	160	108	210	646	2	0	0	0	0	188
0.758	118	160	108	210	649	2	0	0	0	0	188
0.759	118	161	110	212	649	2	0	0	0	0	189
0.76	118	161	110	212	651	2	0	0	0	0	189
0.761	118	161	110	212	651	2	0	0	0	0	189
0.762	118	161	110	212	652	2	0	0	0	0	189
0.763	118	161	110	212	652	2	0	0	0	0	189
0.764	118	161	110	212	653	2	0	0	0	0	189
0.765	118	161	110	212	654	2	0	0	0	0	189
0.766	118	161	110	212	656	2	0	0	0	0	189
0.767	118	161	110	212	658	2	0	0	0	0	189
0.768	118	161	110	212	658	2	0	0	0	0	189
0.769	118	161	110	212	659	2	0	0	0	0	189
0.77	118	161	110	212	659	2	0	0	0	0	189
0.771	118	161	110	212	659	2	0	0	0	0	189
0.772	118	161	110	212	659	2	0	0	0	0	189
0.773	118	161	110	212	661	2	0	0	0	0	189
0.774	118	161	110	212	661	2	0	0	0	0	189
0.775	118	161	110	212	662	2	0	0	0	0	189
0.776	118	161	110	212	663	2	0	0	0	0	189
0.777	118	161	110	212	664	2	0	0	0	0	189
0.778	118	161	110	212	665	2	0	0	0	0	189
0.779	118	161	110	212	666	2	0	0	0	0	189
0.78	118	161	110	212	667	2	0	0	0	0	189
0.781	118	161	110	212	667	2	0	0	0	0	189
0.782	118	161	110	212	668	2	0	0	0	0	189
0.783	118	161	110	212	668	2	0	0	0	0	189
0.784	118	161	110	212	669	2	0	0	0	0	189
0.785	118	161	110	212	669	2	0	0	0	0	189
0.786	118	161	110	212	670	2	0	0	0	0	189
0.787	118	161	110	212	672	2	0	0	0	0	189
0.788	118	161	110	212	672	2	0	0	0	0	189
0.789	118	161	110	212	672	2	0	0	0	0	189
0.79	118	161	110	212	673	2	0	0	0	0	189
0.791	118	161	110	212	675	2	0	0	0	0	189
0.792	118	161	110	212	676	2	0	0	0	0	189
0.793	118	161	110	212	678	2	0	0	0	0	189
0.794	118	161	110	212	678	2	0	0	0	0	189
0.795	118	161	110	212	682	2	0	0	0	0	189
0.796	118	161	110	212	682	2	0	0	0	0	189
0.797	118	161	110	212	683	2	0	0	0	0	189
0.798	119	164	112	217	684	2	0	0	0	0	190
0.799	119	164	112	217	684	2	0	0	0	0	190
0.8	119	164	112	217	684	2	0	0	0	0	190
0.801	119	164	112	217	684	2	0	0	0	0	190
0.802	119	164	112	217	684	2	0	0	0	0	190
0.803	119	164	112	217	684	2	0	0	0	0	190
0.804	119	164	112	217	684	2	0	0	0	0	190
0.805	119	164	112	217	684	2	0	0	0	0	190
0.806	119	164	112	217	684	2	0	0	0	0	190
0.807	119	164	112	217	684	2	0	0	0	0	190
0.808	119	164	112	217	684	2	0	0	0	0	190
0.809	119	164	112	217	684	2	0	0	0	0	190
0.81	119	164	112	217	684	2	0	0	0	0	190
0.811	119	164	112	217	685	2	0	0	0	0	190
0.812	119	164	112	217	685	2	0	0	0	0	190
0.813	119	164	112	217	685	2	0	0	0	0	190
0.814	119	164	112	217	685	2	0	0	0	0	190
0.815	119	164	112	217	685	2	0	0	0	0	190
0.816	119	164	112	217	685	2	0	0	0	0	190
0.817	119	164	112	217	686	2	0	0	0	0	190
0.818	119	164	112	217	688	2	0	0	0	0	190
0.819	119	164	112	217	688	2	0	0	0	0	190
0.82	119	164	112	217	688	2	0	0	0	0	190
0.821	119	164	112	217	688	2	0	0	0	0	190
0.822	119	164	112	217	688	2	0	0	0	0	190
0.823	119	164	112	217	688	2	0	0	0	0	190
0.824	119	164	112	217	688	2	0	0	0	0	190
0.825	119	164	112	217	689	2	0	0	0	0	190
0.826	119	164	112	217	691	2	0	0	0	0	190
0.827	119	164	112	217	691	2	0	0	0	0	190
0.828	119	164	112	217	691	2	0	0	0	0	190
0.829	119	164	112	217	691	2	0	0	0	0	190
0.83	119	164	112	217	693	2	0	0	0	0	190
0.831	119	164	112	217	694	2	0	0	0	0	190
0.832	119	164	112	217	696	2	0	0	0	0	190
0.833	119	164	112	217	696	2	0	0	0	0	190
0.834	119	164	112	217	696	2	0	0	0	0	190
0.835	119	164	112	217	697	2	0	0	0	0	190
0.836	119	164	112	217	697	2	0	0	0	0	190
0.837	119	164	112	217	697	2	0	0	0	0	190
0.838	119	164	112	217	697	2	0	0	0	0	190
0.839	119	164	112	217	697	2	0	0	0	0	190
0.84	119	164	112	217	698	2	0	0	0	0	190
0.841	119	164	112	217	699	2	0	0	0	0	190
0.842	119	164	112	217	699	2	0	0	0	0	190
0.843	119	164	112	217	700	2	0	0	0	0	190
0.844	119	164	112	217	700	2	0	0	0	0	190
0.845	119	164	112	217	701	2	0	0	0	0	190
0.846	119	164	112	217	703	2	0	0	0	0	190
0.847	119	164	112	217	705	2	0	0	0	0	190
0.848	119	164	112	217	705	2	0	0	0	0	190
0.849	119	164	112	217	705	2	0	0	0	0	190
0.85	119	164	112	217	705	2	0	0	0	0	190
0.851	119	164	112	217	705	2	0	0	0	0	190
0.852	119	164	112	217	705	2	0	0	0	0	190
0.853	119	164	112	217	705	2	0	0	0	0	190
0.854	119	164	112	217	706	2	0	0	0	0	190
0.855	119	164	112	217	706	2	0	0	0	0	190
0.856	119	164	112	217	707	2	0	0	0	0	190
0.857	119	164	112	217	708	2	0	0	0	0	190
0.858	119	164	112	217	710	2	0	0	0	0	190
0.859	119	164	112	217	710	2	0	0	0	0	190
0.86	119	164	112	217	712	2	0	0	0	0	190
0.861	119	164	112	217	714	2	0	0	0	0	190
0.862	119	164	112	217	715	2	0	0	0	0	190
0.863	119	164	112	217	716	2	0	0	0	0	190
0.864	119	164	112	217	716	2	0	0	0	0	190
0.865	119	164	112	217	716	2	0	0	0	0	190
0.866	119	164	112	217	716	2	0	0	0	0	190
0.867	119	164	112	217	716	2	0	0	0	0	190
0.868	119	164	112	217	717	2	0	0	0	0	190
0.869	119	164	112	217	717	2	0	0	0	0	190
0.87	119	164	112	217	717	2	0	0	0	0	190
0.871	119	164	112	217	719	2	0	0	0	0	190
0.872	119	164	112	217	720	2	0	0	0	0	190
0.873	119	164	112	217	720	2	0	0	0	0	190
0.874	119	164	112	217	721	2	0	0	0	0	190
0.875	119	164	112	217	721	2	0	0	0	0	190
0.876	119	164	112	217	723	2	0	0	0	0	190
0.877	119	164	112	217	724	2	0	0	0	0	190
0.878	119	164	112	217	727	2	0	0	0	0	190
0.879	119	164	112	217	728	2	0	0	0	0	190
0.88	119	164	112	217	729	2	0	0	0	0	190
0.881	119	164	112	217	729	2	0	0	0	0	190
0.882	119	164	112	217	731	2	0	0	0	0	190
0.883	119	164	112	217	731	2	0	0	0	0	190
0.884	119	164	112	217	731	2	0	0	0	0	190
0.885	119	164	112	217	731	2	0	0	0	0	190
0.886	119	164	112	217	731	2	0	0	0	0	190
0.887	119	164	112	217	732	2	0	0	0	0	190
0.888	119	164	112	217	733	2	0	0	0	0	190
0.889	119	164	112	217	733	2	0	0	0	0	190
0.89	119	164	112	217	733	2	0	0	0	0	190
0.891	119	164	112	217	734	2	0	0	0	0	190
0.892	119	164	112	217	735	2	0	0	0	0	190
0.893	119	164	112	217	735	2	0	0	0	0	190
0.894	119	164	112	217	736	2	0	0	0	0	190
0.895	119	164	112	217	736	2	0	0	0	0	190
0.896	119	164	112	217	736	2	0	0	0	0	190
0.897	119	164	112	217	737	2	0	0	0	0	190
0.898	119	164	112	217	740	2	0	0	0	0	190
0.899	119	164	112	217	740	2	0	0	0	0	190
0.9	119	164	112	217	741	2	0	0	0	0	190
0.901	119	164	112	217	741	2	0	0	0	0	190
0.902	119	164	112	217	741	2	0	0	0	0	190
0.903	119	164	112	217	743	2	0	0	0	0	190
0.904	119	164	112	217	744	2	0	0	0	0	190
0.905	119	164	112	217	744	2	0	0	0	0	190
0.906	119	164	112	217	745	2	0	0	0	0	190
0.907	119	164	112	217	745	2	0	0	0	0	190
0.908	119	164	112	217	745	2	0	0	0	0	190
0.909	119	164	112	217	748	2	0	0	0	0	190
0.91	119	164	112	217	749	2	0	0	0	0	190
0.911	119	164	112	217	751	2	0	0	0	0	190
0.912	119	164	112	217	753	2	0	0	0	0	190
0.913	119	164	112	217	753	2	0	0	0	0	190
0.914	119	164	112	217	754	2	0	0	0	0	190
0.915	119	164	112	217	757	2	0	0	0	0	190
0.916	119	164	112	217	759	2	0	0	0	0	190
0.917	119	164	112	217	759	2	0	0	0	0	190
0.918	119	164	112	217	759	2	0	0	0	0	190
0.919	119	164	112	217	760	2	0	0	0	0	190
0.92	119	164	112	217	761	2	0	0	0	0	190
0.921	119	164	112	217	762	2	0	0	0	0	190
0.922	119	164	112	217	763	2	0	0	0	0	190
0.923	119	164	112	217	765	2	0	0	0	0	190
0.924	119	164	112	217	766	2	0	0	0	0	190
0.925	119	164	112	217	767	2	0	0	0	0	190
0.926	119	164	112	217	767	2	0	0	0	0	190
0.927	119	164	112	217	767	2	0	0	0	0	190
0.928	119	164	112	217	770	2	0	0	0	0	190
0.929	119	164	112	217	771	2	0	0	0	0	190
0.93	119	164	112	217	771	2	0	0	0	0	190
0.931	119	164	112	217	771	2	0	0	0	0	190
0.932	119	164	112	217	772	2	0	0	0	0	190
0.933	119	164	112	217	773	2	0	0	0	0	190
0.934	119	164	112	217	773	2	0	0	0	0	190
0.935	119	164	112	217	774	2	0	0	0	0	190
0.936	119	164	112	217	775	2	0	0	0	0	190
0.937	119	164	112	217	775	2	0	0	0	0	190
0.938	119	164	112	217	775	2	0	0	0	0	190
0.939	119	164	112	217	775	2	0	0	0	0	190
0.94	119	164	112	217	776	2	0	0	0	0	190
0.941	119	164	112	217	777	2	0	0	0	0	190
0.942	119	164	112	217	777	2	0	0	0	0	190
0.943	119	164	112	217	777	2	0	0	0	0	190
0.944	119	164	112	217	778	2	0	0	0	0	190
0.945	119	164	112	217	778	2	0	0	0	0	190
0.946	119	164	112	217	779	2	0	0	0	0	190
0.947	119	164	112	217	779	2	0	0	0	0	190
0.948	119	164	112	217	782	2	0	0	0	0	190
0.949	119	164	112	217	784	2	0	0	0	0	190
0.95	119	164	112	217	784	2	0	0	0	0	190
0.951	119	164	112	217	784	2	0	0	0	0	190
0.952	119	164	112	217	784	2	0	0	0	0	190
0.953	119	164	112	217	784	2	0	0	0	0	190
0.954	119	164	112	217	785	2	0	0	0	0	190
0.955	119	164	112	217	786	2	0	0	0	0	190
0.956	119	164	112	217	788	2	0	0	0	0	190
0.957	119	164	112	217	790	2	0	0	0	0	190
0.958	119	164	112	217	792	2	0	0	0	0	190
0.959	119	164	112	217	792	2	0	0	0	0	190
0.96	119	164	112	217	793	2	0	0	0	0	190
0.961	119	164	112	217	795	2	0	0	0	0	190
0.962	119	164	112	217	795	2	0	0	0	0	190
0.963	119	164	112	217	797	2	0	0	0	0	190
0.964	119	164	112	217	797	2	0	0	0	0	190
0.965	119	164	112	217	798	2	0	0	0	0	190
0.966	119	164	112	217	799	2	0	0	0	0	190
0.967	119	164	112	217	799	2	0	0	0	0	190
0.968	119	164	112	217	799	2	0	0	0	0	190
0.969	119	164	112	217	799	2	0	0	0	0	190
0.97	119	164	112	217	800	2	0	0	0	0	190
0.971	119	164	112	217	801	2	0	0	0	0	190
0.972	119	164	112	217	801	2	0	0	0	0	190
0.973	119	164	112	217	803	2	0	0	0	0	190
0.974	119	164	112	217	806	2	0	0	0	0	190
0.975	119	164	112	217	806	2	0	0	0	0	190
0.976	119	164	112	217	806	2	0	0	0	0	190
0.977	119	164	112	217	806	2	0	0	0	0	190
0.978	119	164	112	217	807	2	0	0	0	0	190
0.979	119	164	112	217	807	2	0	0	0	0	190
0.98	119	164	112	217	807	2	0	0	0	0	190
0.981	119	164	112	217	807	2	0	0	0	0	190
0.982	119	164	112	217	809	2	0	0	0	0	190
0.983	119	164	112	217	809	2	0	0	0	0	190
0.984	119	164	112	217	810	2	0	0	0	0	190
0.985	119	164	112	217	810	2	0	0	0	0	190
0.986	119	164	112	217	810	2	0	0	0	0	190
0.987	119	164	112	217	811	2	0	0	0	0	190
0.988	119	164	112	217	811	2	0	0	0	0	190
0.989	119	164	112	217	811	2	0	0	0	0	190
0.99	119	164	112	217	811	2	0	0	0	0	190
0.991	119	164	112	217	811	2	0	0	0	0	190
0.992	119	164	112	217	812	2	0	0	0	0	190
0.993	119	164	112	217	815	2	0	0	0	0	190
0.994	119	164	112	217	815	2	0	0	0	0	190
0.995	119	164	112	217	815	2	0	0	0	0	190
0.996	119	164	112	217	815	2	0	0	0	0	190
0.997	119	164	112	217	815	2	0	0	0	0	190
0.998	119	164	112	217	817	2	0	0	0	0	190
0.999	119	164	112	217	818	2	0	0	0	0	190
1	119	164	112	217	818	2	0	0	0	0	190
