Time (s),leg
0,0
0.001,11
0.002,28
0.003,41
0.004,51
0.005,63
0.006,84
0.007,99
0.008,127
0.009,139
0.01,143
0.011,154
0.012,167
0.013,178
0.014,186
0.015,192
0.016,212
0.017,217
0.018,219
0.019,228
0.02,236
0.021,242
0.022,244
0.023,246
0.024,245
0.025,248
0.026,253
0.027,263
0.028,269
0.029,269
0.03,277
0.031,277
0.032,277
0.033,277
0.034,281
0.035,285
0.036,294
0.037,294
0.038,294
0.039,302
0.04,307
0.041,307
0.042,307
0.043,312
0.044,319
0.045,319
0.046,319
0.047,321
0.048,323
0.049,332
0.05,333
0.051,340
0.052,345
0.053,345
0.054,345
0.055,345
0.056,345
0.057,345
0.058,345
0.059,356
0.06,357
0.061,357
0.062,357
0.063,357
0.064,357
0.065,364
0.066,364
0.067,364
0.068,364
0.069,364
0.07,369
0.071,369
0.072,369
0.073,369
0.074,369
0.075,369
0.076,369
0.077,369
0.078,373
0.079,373
0.08,373
0.081,373
0.082,373
0.083,373
0.084,373
0.085,373
0.086,373
0.087,373
0.088,373
0.089,373
0.09,373
0.091,373
0.092,373
0.093,373
0.094,373
0.095,373
0.096,372
0.097,372
0.098,372
0.099,376
0.1,376
0.101,376
0.102,376
0.103,376
0.104,376
0.105,376
0.106,376
0.107,380
0.108,380
0.109,386
0.11,386
0.111,386
0.112,386
0.113,386
0.114,386
0.115,386
0.116,386
0.117,386
0.118,386
0.119,386
0.12,386
0.121,386
0.122,386
0.123,386
0.124,386
0.125,386
0.126,386
0.127,386
0.128,386
0.129,386
0.13,386
0.131,386
0.132,386
0.133,386
0.134,386
0.135,388
0.136,391
0.137,391
0.138,391
0.139,391
0.14,391
0.141,391
0.142,391
0.143,391
0.144,391
0.145,391
0.146,391
0.147,391
0.148,391
0.149,391
0.15,391
0.151,391
0.152,391
0.153,391
0.154,391
0.155,391
0.156,391
0.157,391
0.158,391
0.159,391
0.16,391
0.161,391
0.162,391
0.163,391
0.164,391
0.165,391
0.166,391
0.167,391
0.168,391
0.169,391
0.17,396
0.171,396
0.172,396
0.173,396
0.174,396
0.175,396
0.176,396
0.177,396
0.178,396
0.179,396
0.18,396
0.181,396
0.182,396
0.183,396
0.184,396
0.185,396
0.186,396
0.187,396
0.188,396
0.189,396
0.19,396
0.191,396
0.192,396
0.193,396
0.194,396
0.195,396
0.196,396
0.197,396
0.198,396
0.199,396
0.2,396
0.201,396
0.202,396
0.203,396
0.204,396
0.205,396
0.206,396
0.207,396
0.208,396
0.209,396
0.21,396
0.211,396
0.212,396
0.213,396
0.214,396
0.215,396
0.216,396
0.217,396
0.218,396
0.219,396
0.22,396
0.221,396
0.222,396
0.223,396
0.224,396
0.225,396
0.226,396
0.227,396
0.228,396
0.229,396
0.23,396
0.231,396
0.232,396
0.233,396
0.234,396
0.235,396
0.236,396
0.237,396
0.238,396
0.239,396
0.24,396
0.241,396
0.242,396
0.243,396
0.244,396
0.245,396
0.246,396
0.247,396
0.248,396
0.249,396
0.25,396
0.251,396
0.252,396
0.253,396
0.254,396
0.255,396
0.256,396
0.257,396
0.258,396
0.259,396
0.26,396
0.261,396
0.262,396
0.263,396
0.264,396
0.265,396
0.266,396
0.267,396
0.268,396
0.269,396
0.27,396
0.271,396
0.272,396
0.273,396
0.274,396
0.275,396
0.276,396
0.277,396
0.278,396
0.279,396
0.28,396
0.281,396
0.282,396
0.283,396
0.284,396
0.285,396
0.286,396
0.287,396
0.288,396
0.289,396
0.29,396
0.291,396
0.292,396
0.293,396
0.294,396
0.295,396
0.296,396
0.297,396
0.298,403
0.299,403
0.3,403
0.301,403
0.302,403
0.303,403
0.304,403
0.305,403
0.306,403
0.307,403
0.308,403
0.309,403
0.31,403
0.311,403
0.312,403
0.313,403
0.314,403
0.315,403
0.316,403
0.317,403
0.318,403
0.319,403
0.32,403
0.321,403
0.322,403
0.323,403
0.324,403
0.325,403
0.326,403
0.327,403
0.328,403
0.329,403
0.33,403
0.331,403
0.332,403
0.333,403
0.334,403
0.335,403
0.336,403
0.337,403
0.338,403
0.339,403
0.34,403
0.341,403
0.342,403
0.343,403
0.344,403
0.345,403
0.346,403
0.347,403
0.348,403
0.349,403
0.35,403
0.351,403
0.352,403
0.353,403
0.354,403
0.355,403
0.356,403
0.357,403
0.358,403
0.359,403
0.36,403
0.361,403
0.362,403
0.363,403
0.364,403
0.365,403
0.366,403
0.367,403
0.368,403
0.369,403
0.37,403
0.371,403
0.372,403
0.373,403
0.374,403
0.375,403
0.376,403
0.377,403
0.378,403
0.379,403
0.38,403
0.381,403
0.382,403
0.383,403
0.384,403
0.385,403
0.386,403
0.387,403
0.388,403
0.389,403
0.39,403
0.391,403
0.392,403
0.393,403
0.394,403
0.395,403
0.396,403
0.397,403
0.398,403
0.399,403
0.4,403
0.401,403
0.402,403
0.403,403
0.404,403
0.405,403
0.406,403
0.407,403
0.408,403
0.409,403
0.41,403
0.411,403
0.412,403
0.413,403
0.414,403
0.415,403
0.416,403
0.417,403
0.418,403
0.419,403
0.42,403
0.421,403
0.422,403
0.423,403
0.424,403
0.425,403
0.426,403
0.427,403
0.428,403
0.429,403
0.43,403
0.431,403
0.432,403
0.433,403
0.434,403
0.435,403
0.436,403
0.437,403
0.438,403
0.439,403
0.44,403
0.441,403
0.442,403
0.443,403
0.444,403
0.445,403
0.446,403
0.447,403
0.448,403
0.449,403
0.45,403
0.451,403
0.452,403
0.453,403
0.454,403
0.455,403
0.456,403
0.457,403
0.458,403
0.459,403
0.46,402
0.461,402
0.462,402
0.463,402
0.464,402
0.465,402
0.466,402
0.467,402
0.468,402
0.469,402
0.47,402
0.471,402
0.472,402
0.473,402
0.474,410
0.475,410
0.476,410
0.477,410
0.478,410
0.479,410
0.48,410
0.481,410
0.482,410
0.483,410
0.484,410
0.485,410
0.486,410
0.487,410
0.488,410
0.489,410
0.49,410
0.491,410
0.492,410
0.493,410
0.494,410
0.495,410
0.496,410
0.497,410
0.498,410
0.499,410
0.5,410
0.501,410
0.502,410
0.503,410
0.504,410
0.505,410
0.506,410
0.507,410
0.508,410
0.509,410
0.51,410
0.511,410
0.512,410
0.513,410
0.514,410
0.515,410
0.516,410
0.517,410
0.518,410
0.519,410
0.52,410
0.521,410
0.522,410
0.523,410
0.524,410
0.525,410
0.526,410
0.527,410
0.528,410
0.529,410
0.53,410
0.531,410
0.532,410
0.533,410
0.534,410
0.535,410
0.536,410
0.537,410
0.538,410
0.539,410
0.54,410
0.541,410
0.542,410
0.543,410
0.544,410
0.545,410
0.546,410
0.547,410
0.548,410
0.549,410
0.55,410
0.551,410
0.552,410
0.553,410
0.554,410
0.555,410
0.556,410
0.557,410
0.558,410
0.559,410
0.56,410
0.561,410
0.562,410
0.563,410
0.564,410
0.565,410
0.566,410
0.567,410
0.568,410
0.569,410
0.57,410
0.571,410
0.572,417
0.573,417
0.574,417
0.575,417
0.576,417
0.577,417
0.578,417
0.579,417
0.58,417
0.581,417
0.582,417
0.583,417
0.584,417
0.585,417
0.586,417
0.587,417
0.588,417
0.589,417
0.59,417
0.591,417
0.592,417
0.593,417
0.594,417
0.595,417
0.596,417
0.597,417
0.598,417
0.599,417
0.6,417
0.601,417
0.602,417
0.603,417
0.604,417
0.605,417
0.606,417
0.607,417
0.608,417
0.609,417
0.61,417
0.611,417
0.612,417
0.613,417
0.614,417
0.615,417
0.616,417
0.617,417
0.618,417
0.619,417
0.62,417
0.621,417
0.622,417
0.623,417
0.624,417
0.625,417
0.626,417
0.627,417
0.628,417
0.629,417
0.63,417
0.631,417
0.632,417
0.633,417
0.634,417
0.635,417
0.636,417
0.637,417
0.638,417
0.639,417
0.64,417
0.641,417
0.642,417
0.643,417
0.644,417
0.645,417
0.646,417
0.647,417
0.648,417
0.649,417
0.65,417
0.651,417
0.652,417
0.653,417
0.654,417
0.655,417
0.656,417
0.657,417
0.658,417
0.659,417
0.66,417
0.661,417
0.662,417
0.663,417
0.664,417
0.665,417
0.666,417
0.667,417
0.668,417
0.669,417
0.67,417
0.671,417
0.672,417
0.673,417
0.674,417
0.675,417
0.676,417
0.677,417
0.678,417
0.679,417
0.68,417
0.681,417
0.682,417
0.683,417
0.684,417
0.685,417
0.686,417
0.687,417
0.688,417
0.689,417
0.69,417
0.691,417
0.692,417
0.693,417
0.694,417
0.695,417
0.696,417
0.697,417
0.698,417
0.699,417
0.7,417
0.701,417
0.702,417
0.703,417
0.704,417
0.705,417
0.706,417
0.707,417
0.708,417
0.709,417
0.71,417
0.711,417
0.712,417
0.713,417
0.714,417
0.715,417
0.716,417
0.717,417
0.718,417
0.719,417
0.72,417
0.721,417
0.722,417
0.723,417
0.724,417
0.725,417
0.726,417
0.727,417
0.728,417
0.729,417
0.73,417
0.731,417
0.732,417
0.733,417
0.734,417
0.735,417
0.736,417
0.737,417
0.738,417
0.739,417
0.74,417
0.741,417
0.742,417
0.743,417
0.744,417
0.745,417
0.746,422
0.747,424
0.748,424
0.749,424
0.75,424
0.751,424
0.752,424
0.753,424
0.754,424
0.755,424
0.756,424
0.757,424
0.758,424
0.759,424
0.76,424
0.761,424
0.762,424
0.763,424
0.764,424
0.765,424
0.766,424
0.767,424
0.768,424
0.769,424
0.77,424
0.771,424
0.772,424
0.773,424
0.774,424
0.775,424
0.776,424
0.777,424
0.778,424
0.779,424
0.78,424
0.781,424
0.782,424
0.783,424
0.784,424
0.785,424
0.786,424
0.787,424
0.788,424
0.789,424
0.79,424
0.791,424
0.792,424
0.793,424
0.794,424
0.795,424
0.796,424
0.797,424
0.798,424
0.799,424
0.8,424
0.801,424
0.802,424
0.803,424
0.804,424
0.805,424
0.806,424
0.807,424
0.808,424
0.809,424
0.81,424
0.811,424
0.812,424
0.813,424
0.814,424
0.815,424
0.816,424
0.817,424
0.818,424
0.819,424
0.82,424
0.821,424
0.822,424
0.823,424
0.824,424
0.825,424
0.826,424
0.827,424
0.828,424
0.829,424
0.83,424
0.831,424
0.832,424
0.833,424
0.834,424
0.835,424
0.836,424
0.837,424
0.838,424
0.839,424
0.84,424
0.841,424
0.842,424
0.843,424
0.844,424
0.845,424
0.846,424
0.847,424
0.848,424
0.849,424
0.85,424
0.851,424
0.852,424
0.853,424
0.854,424
0.855,424
0.856,424
0.857,424
0.858,424
0.859,424
0.86,424
0.861,424
0.862,424
0.863,424
0.864,424
0.865,424
0.866,424
0.867,424
0.868,424
0.869,424
0.87,424
0.871,424
0.872,424
0.873,424
0.874,424
0.875,424
0.876,424
0.877,424
0.878,424
0.879,424
0.88,424
0.881,424
0.882,424
0.883,424
0.884,424
0.885,424
0.886,424
0.887,424
0.888,424
0.889,424
0.89,424
0.891,424
0.892,424
0.893,424
0.894,424
0.895,424
0.896,424
0.897,424
0.898,424
0.899,424
0.9,424
0.901,424
0.902,424
0.903,424
0.904,424
0.905,424
0.906,424
0.907,424
0.908,424
0.909,424
0.91,424
0.911,424
0.912,424
0.913,424
0.914,424
0.915,424
0.916,424
0.917,424
0.918,424
0.919,424
0.92,424
0.921,424
0.922,424
0.923,424
0.924,424
0.925,424
0.926,424
0.927,424
0.928,424
0.929,424
0.93,424
0.931,424
0.932,424
0.933,424
0.934,424
0.935,424
0.936,424
0.937,424
0.938,424
0.939,424
0.94,424
0.941,424
0.942,424
0.943,424
0.944,424
0.945,424
0.946,424
0.947,424
0.948,424
0.949,424
0.95,424
0.951,424
0.952,424
0.953,424
0.954,424
0.955,424
0.956,424
0.957,424
0.958,424
0.959,424
0.96,424
0.961,424
0.962,424
0.963,424
0.964,424
0.965,424
0.966,424
0.967,424
0.968,424
0.969,424
0.97,424
0.971,424
0.972,424
0.973,424
0.974,424
0.975,424
0.976,424
0.977,424
0.978,424
0.979,424
0.98,424
0.981,424
0.982,424
0.983,424
0.984,424
0.985,424
0.986,424
0.987,424
0.988,424
0.989,424
0.99,424
0.991,424
0.992,424
0.993,424
0.994,424
0.995,424
0.996,424
0.997,424
0.998,424
0.999,424
1,424
