103.679 128.270 141.416
95.463 118.888 132.038
87.478 130.582 148.176
112.206 119.685 129.252
112.071 131.380 126.402
96.221 140.591 149.622
82.986 109.385 139.546
92.463 119.114 131.867
98.101 106.692 148.515
76.282 118.511 126.564
76.854 106.967 123.363
89.200 96.676 148.215
68.894 131.175 138.425
66.209 143.386 129.093
77.811 143.821 147.179
59.089 128.561 124.493
69.623 123.058 122.989
81.920 131.157 148.655
117.791 106.487 141.416
121.808 94.680 132.038
107.689 93.612 148.176
129.489 109.579 129.252
119.294 115.309 126.402
103.392 106.189 149.622
123.800 79.124 139.546
120.113 92.196 131.867
133.690 90.867 148.515
112.544 77.881 126.564
122.828 72.604 123.363
137.913 78.150 148.215
97.883 77.814 138.425
85.965 81.595 129.093
91.390 91.860 147.179
95.245 68.016 124.492
105.277 74.387 122.989
104.411 89.087 148.655
143.712 107.817 141.416
155.945 105.392 132.038
149.811 92.630 148.176
146.883 119.493 129.252
136.823 113.529 126.402
136.771 95.198 149.622
170.414 99.339 139.546
157.249 102.681 131.867
165.189 113.775 148.515
165.862 88.970 126.564
175.574 95.237 123.363
178.313 111.075 148.215
158.589 76.239 138.425
149.357 67.808 129.093
143.179 77.639 147.179
165.756 69.055 124.492
165.254 80.929 122.989
152.091 87.529 148.655
155.521 130.930 141.416
163.737 140.312 132.038
171.722 128.618 148.176
146.994 139.515 129.252
147.129 127.820 126.402
162.979 118.609 149.622
176.214 149.815 139.546
166.737 140.086 131.867
161.099 152.508 148.515
182.918 140.689 126.564
182.346 152.233 123.363
170.000 162.524 148.215
190.306 128.025 138.425
192.991 115.814 129.093
181.389 115.379 147.179
200.111 130.639 124.492
189.577 136.142 122.989
177.280 128.043 148.655
141.409 152.713 141.416
137.392 164.520 132.038
151.511 165.588 148.176
129.711 149.621 129.252
139.906 143.891 126.402
155.808 153.011 149.622
135.400 180.076 139.546
139.087 167.004 131.867
125.510 168.333 148.515
146.656 181.319 126.564
136.372 186.596 123.363
121.287 181.050 148.215
161.317 181.386 138.425
173.235 177.605 129.093
167.810 167.340 147.179
163.955 191.184 124.492
153.923 184.813 122.989
154.789 170.113 148.655
115.488 151.383 141.416
103.255 153.808 132.038
109.389 166.570 148.176
112.317 139.707 129.252
122.377 145.671 126.402
122.429 164.002 149.622
88.786 159.861 139.546
101.951 156.519 131.867
94.011 145.425 148.515
93.338 170.230 126.564
83.626 163.963 123.363
80.887 148.125 148.215
100.611 182.961 138.425
109.843 191.392 129.093
116.021 181.561 147.179
93.444 190.145 124.492
93.946 178.271 122.989
107.109 171.671 148.655
